256
50
24 102 134 89  70 7 15 122 250 8 210 126 7 87 52 0 123 67 56 10 7 15 122 250 8 210 126 7 87 52 0 123 67 56 10 7 15 122 250 8 210 126 7 87 52 0 123 67 56 11

256
15
7 15 122 250 8 210 126 12 87 52 0 123 67 56 10

50
10
49 41 19 16 40 36 33 7 3 43 

10
5
3 4 0 9 2

3
5
2 0 1 0 1

4
5
3 1 0 0 1

500
100
45 120 340 23 45 384 15 122 0 13 310 126 23 87 52 0 123 67 56 10 45 120 340 23 45 7 15 122 250 18 310 126 7 87 52 0 123 67 56 10 45 120 340 23 45 7 15 122 250 18 310 126 7 487 252 20 123 167 356 13 45 120 340 23 45 7 15 122 250 18 310 45 120 340 23 45 7 15 122 250 18 310 56 234 101 102 103 310 45 120 340 23 45 7 15 122 250 18 310 56

