16

5 5 4
2 1 5 50
1 2 4 20
2 3 4 40
2 4 5 50
3 4 5 80

10 10 5
2 5 10 17300
2 1 8 31300
5 4 10 27600
4 8 10 7000
5 9 10 95900
2 7 10 14000
3 6 10 63800
1 7 10 19300
3 8 10 21400
2 2 10 7000

15 50 5
1 48 50 23500
2 41 45 39600
2 8 16 9300
4 8 11 42800
1 20 31 46100
1 5 16 50600
3 10 22 40900
3 13 21 28800
2 26 37 6500
3 30 35 26300
3 5 11 8600
5 27 42 23700
5 39 41 16500
1 46 50 19900
4 43 50 58400

20 70 4
2 66 70 7000
3 58 68 6500
3 40 52 3200
3 61 70 1900
2 2 10 2000
4 4 13 5400
1 66 70 40600
4 6 14 15500
2 68 70 23000
2 40 41 36300
3 9 22 42500
4 30 39 27000
4 32 41 32200
3 5 12 28300
3 45 46 43800
4 61 70 18800
3 49 62 4700
3 46 53 47500
3 48 62 2900
2 17 22 46200

40 100 5
2 50 51 13000
5 2 5 11100
4 63 73 15000
4 19 23 2600
3 72 84 13100
3 54 69 1700
2 93 100 5500
1 56 63 4300
2 55 69 22900
1 57 59 22400
5 68 83 12100
3 66 69 19000
5 96 100 8900
4 71 84 6900
2 30 37 600
5 42 52 11200
1 74 76 1600
5 45 59 21400
4 40 50 18900
2 61 71 7600
4 38 45 6200
2 11 12 100
2 82 86 7300
5 84 97 8800
2 3 7 13600
4 78 79 6300
2 53 60 10100
3 42 50 25000
2 43 46 11500
2 26 27 18500
4 55 68 11200
5 35 41 11900
1 86 95 20400
5 95 100 16100
3 88 90 20200
3 23 28 6500
4 9 13 4000
4 91 99 15400
4 50 58 8000
2 22 33 13500

30 100 5
2 90 95 27200
2 31 32 15100
4 99 100 13700
5 47 53 2500
1 30 44 13500
3 78 89 22800
2 85 89 16000
3 46 56 1000
3 71 72 23400
5 58 71 7400
1 5 19 26800
4 83 84 13700
5 14 22 25200
4 16 29 25900
5 10 17 22600
5 14 15 27600
4 45 50 1100
2 23 29 600
2 49 56 5100
2 81 85 22700
5 53 66 2800
2 1 8 8800
1 85 90 23900
2 37 48 29200
3 54 62 8600
1 33 37 5400
3 13 15 33000
3 53 65 15900
3 2 17 12400
1 88 94 12700

10 10 4
1 6 10 570569
4 6 8 417284
2 2 4 217982
2 7 9 966020
1 1 4 189371
2 2 3 246407
1 1 3 911657
3 1 4 168935
1 1 2 580731
4 1 2 600686

20 100 4
3 52 81 404299
3 83 95 400634
2 86 99 571563
4 83 95 726792
1 13 20 40730
1 54 69 509696
2 59 96 4701
2 18 32 66884
2 6 38 860882
2 13 29 957000
1 20 34 251804
4 52 73 399110
2 53 75 552759
3 66 80 576913
3 3 27 70347
1 31 46 615113
1 27 49 997357
1 10 31 422335
3 24 29 516722
2 36 42 548467

30 100 5
5 2 15 310236
4 12 31 964329
1 51 73 77188
5 56 98 431459
5 30 38 595653
3 1 21 280938
2 81 98 416376
4 54 85 384824
5 14 26 312847
3 4 12 807774
2 64 97 644289
2 17 33 356941
1 9 28 691462
5 3 38 227752
2 70 92 469950
3 60 94 561120
5 69 87 912371
1 30 36 920716
3 68 83 917752
3 86 97 564163
1 53 92 729665
3 6 11 836281
3 2 24 394522
3 11 35 926477
1 24 41 759412
4 9 49 291868
2 11 29 969551
3 24 44 779048
1 64 84 654867
3 75 88 84380

40 10000 6
1 7643 8940 575836
5 2467 2779 950223
3 2130 4693 715825
5 1137 3962 109073
5 6566 7585 972808
6 715 3528 337032
2 2433 2635 192084
1 468 620 963465
5 3838 3966 592783
2 6215 9181 931289
3 2844 3867 913708
6 1391 4526 479223
2 5115 7606 696900
6 1800 3699 782089
1 5865 7448 453376
3 5007 7819 210463
2 1607 4776 219058
5 363 459 529777
5 744 2213 710489
3 132 2826 208066
2 2504 3088 915352
1 438 3274 599386
1 5659 7422 804327
5 2424 4749 863732
5 7691 9224 775390
5 7004 9779 256151
2 2582 2645 273808
5 2518 3153 233736
6 6633 9439 661248
2 3140 3918 738889
1 1623 3648 310714
5 2094 3948 56674
1 828 2540 894701
6 3140 3693 683979
6 1707 4439 526137
1 454 1683 143875
3 171 4318 453343
5 5616 7838 480120
5 6435 8438 395805
2 192 3940 279433

50 10000 7
2 4537 4647 17942
2 1713 2311 214446
4 2784 4854 554331
3 7752 9757 100870
7 1379 3047 963706
4 7037 9355 320166
2 6727 8923 487146
1 3000 4729 586931
7 7917 9602 166493
1 718 3637 502872
7 334 3935 456433
1 142 583 339450
5 863 1299 159669
1 2732 2759 137557
5 1318 1357 372563
1 1511 2553 294615
3 250 415 74174
2 1818 3491 11185
3 4863 4866 480493
2 1061 1527 778635
1 6510 9321 649891
6 5678 7456 104567
6 1781 2213 122775
5 1630 1662 470183
1 974 4769 17481
3 1976 3763 982523
6 2528 3552 455620
7 5223 9068 189216
2 5036 6091 959667
3 1882 3560 485653
2 254 403 407124
3 1563 2375 352368
2 147 513 911700
3 1112 3328 351454
3 5823 9492 274166
3 1889 4011 633168
5 5774 7028 371734
5 2999 4102 992319
6 1738 3594 787448
2 7627 9551 121950
2 551 4483 964285
7 1563 2553 772460
1 5489 8841 520813
2 3729 4623 389616
7 6072 8564 470269
3 1041 3118 549226
4 6097 8500 47800
6 2055 3047 985192
6 225 665 313626
2 615 3534 935939

50 50000 6
6 207 12985 360056
4 2461 22943 90085
2 12929 15339 236056
3 41195 48523 476213
6 10496 21069 872169
3 3950 18724 5322
4 14798 18676 268309
1 7199 19711 246708
2 8486 13790 389514
4 40260 47776 820209
3 2707 11153 316430
3 33471 43327 668281
3 27859 42655 231273
5 40074 48456 654307
6 18411 21141 301038
3 27504 44732 67705
2 36 18816 273186
1 5184 8387 846862
2 8050 15941 255783
2 9375 11941 120195
3 12847 18410 727806
4 28572 36744 81385
2 4650 14794 721430
3 42897 47979 37479
6 11560 17672 187343
3 41635 49474 657561
3 6560 15663 433295
4 20305 23348 619023
1 41446 48602 102458
3 8206 19416 392502
6 39256 48647 603896
3 32304 40940 553199
5 31656 42063 154598
4 25210 38533 565245
6 5688 17449 111525
3 22348 23682 175190
1 8312 15936 196096
3 15802 24053 815407
5 4926 14021 287130
5 15198 21802 450238
2 1702 18964 183411
5 4244 6338 252662
1 22467 24364 276291
6 35620 49245 732044
2 6704 23788 773144
5 2183 15462 105129
3 5994 15024 868568
4 29485 40324 629302
5 5107 16547 34682
4 13369 21197 133548

50 100000 7
6 16208 45809 588010
7 20077 27314 576955
3 33104 37258 239371
2 51132 72460 255358
4 4209 15338 514242
5 59627 75327 211279
3 56274 88503 782386
6 24690 30138 925604
2 9415 49089 610664
6 34332 44805 101569
4 11816 13515 548293
7 13838 36892 852288
4 64523 79770 146503
2 57943 69987 814612
6 575 31625 452275
3 53347 77695 895215
7 7090 9084 460600
1 67538 97003 80881
1 3552 22818 774095
1 28163 49632 214355
6 67881 80479 625878
1 11326 12658 550503
4 16517 18781 715015
3 5452 35935 972622
1 53158 98255 491630
2 53913 98430 260181
1 7587 20037 586786
3 40937 41293 184111
5 11543 26836 40967
4 28233 28265 645538
7 4913 35222 18074
1 9714 18120 282493
7 4998 15794 209184
5 51492 65106 347672
3 23345 38402 991656
3 17276 31920 308483
7 6437 44760 457110
4 53528 89264 653791
3 56555 69704 514309
6 64276 74955 933357
6 7868 38412 941939
3 7003 12894 194887
5 8875 34167 677402
2 39149 45321 467961
1 53418 88704 169579
7 32073 44685 979455
7 6971 45659 257135
4 35843 49677 210061
3 28425 39854 155577
5 24867 26988 534912

40 200000 7
4 18120 88960 465096
5 112799 135328 767017
7 14921 40167 874532
1 165695 190875 835209
5 146191 183748 407031
5 3621 43081 200343
6 138826 160061 29589
6 66910 71782 804835
1 22448 45925 768052
4 57529 97994 550751
5 140934 180807 117843
5 23923 52701 344294
4 49663 88613 529374
3 63152 73524 212329
2 153997 194382 652519
2 12310 38861 759631
2 107498 167105 287582
7 30242 46839 278413
2 52660 69130 2806
5 14535 71868 130042
6 60539 70856 156460
6 47686 57032 434244
1 24479 44760 277224
6 22796 70580 616848
5 30509 87957 851238
7 30520 57322 16311
7 16593 54081 306180
6 114030 150005 238080
6 120885 153105 15300
1 111218 156178 419243
7 32214 89068 184382
1 6256 95625 326740
1 7043 16877 59597
1 15021 36797 405007
6 16532 30989 600545
7 30281 46959 372359
4 85263 90764 577084
1 114463 135987 300528
2 100523 136506 277954
7 11390 50416 711649

45 500000 5
1 8623 27651 904505
4 23587 98923 888849
1 41967 214165 563265
5 285519 433985 266929
5 7280 24904 582203
3 159295 178376 77286
5 338771 413531 604453
2 371561 495332 84814
1 351198 466520 872957
3 194694 198143 638232
1 22328 79682 148034
3 16823 133534 212754
3 370054 452163 61968
2 315985 486087 286167
3 10323 249233 12833
3 412900 486758 164756
5 8593 157574 403361
2 37617 235709 181895
3 390121 441505 871808
1 312138 365239 48845
1 176008 206893 53658
5 28438 217187 413901
2 55323 124605 110128
5 132739 234840 556324
3 17626 206443 934442
3 272699 438746 905485
3 424112 498989 244289
5 280943 464315 127246
4 381903 457635 196113
3 179719 208072 950784
4 191742 212120 304108
5 41403 141728 588552
3 1078 22006 976952
2 219625 220732 618819
4 72339 184971 631680
5 251169 466262 199321
3 129705 189298 351907
3 414227 496868 635560
4 317901 405737 452007
1 354602 457976 131982
1 310625 414810 300968
3 391264 461412 138089
5 7366 218016 73462
2 9459 238395 366622
2 311367 429387 393811

50 1000000 7
4 31591 123529 359959
2 879883 982770 725529
3 773029 918002 208189
1 79923 453529 662602
1 26696 367609 189249
2 43422 115875 388039
5 241904 422986 343775
6 566407 949953 721567
4 352415 412343 86377
1 103651 482355 259988
6 760268 911621 155296
5 678654 835906 726108
2 388754 434391 671829
6 652778 927169 690902
4 854934 990461 728903
5 654363 927422 689458
2 186015 261306 121266
5 157476 166219 230561
6 224142 254911 362447
7 217453 473596 242899
7 57496 439570 881050
1 31255 330854 618365
4 37698 331440 838627
1 174387 438026 82489
3 670959 830294 655826
1 622039 789502 12892
3 249420 301801 196463
1 230759 479970 324068
6 159172 434546 642922
1 127891 251441 516245
4 528287 878563 813209
4 34202 138505 348742
2 80488 133626 988986
4 132516 186696 526621
1 662187 901078 70262
7 556557 765777 978110
4 545226 795705 410282
2 836696 976216 476492
2 9277 103749 462193
4 638966 805315 819616
7 159315 404517 24088
5 308138 474034 556314
7 348626 421059 362516
5 43050 443918 417499
7 287816 462088 87964
6 609039 965021 632133
7 871904 994106 983189
6 688050 991379 938021
3 652460 942185 711797
2 656716 894043 223588

