3
2
7
3
5
9
1
11
14
2

200
197
1004
1004
1003
1002
1001
1000
999
998
997
996
995
994
993
992
991
990
989
988
987
986
985
984
983
982
981
980
979
978
977
976
975
974
973
972
971
970
969
968
967
966
965
964
963
962
961
960
959
958
957
956
955
954
953
952
951
950
949
948
947
946
945
944
943
942
941
940
939
938
937
936
935
934
933
932
931
930
929
928
927
926
925
924
923
922
921
920
919
918
917
916
915
914
913
912
911
910
909
908
907
906
905
904
903
902
901
900
899
898
897
896
895
894
893
892
891
890
889
888
887
886
885
884
883
882
881
880
879
878
877
876
875
874
873
872
871
870
869
868
867
866
865
864
863
862
861
860
859
858
857
856
855
854
853
852
851
850
849
848
847
846
845
844
843
842
841
840
839
838
837
836
835
834
833
832
831
830
829
828
827
826
825
824
823
822
821
820
819
818
817
816
815
814
813
812
811
810
809
808
807
806
805
804
803
802
801
800
799
798
797
796
795
794
793
792
791
790
789
788
787
786
785
784
783
782
781
780
779
778
777
776
775
774
773
772
771
770
769
768
767
766
765
764
763
762
761
760
759
758
757
756
755
754
753
752
751
750
749
748
747
746
745
744
743
742
741
740
739
738
737
736
735
734
733
732
731
730
729
728
727
726
725
724
723
722
721
720
719
718
717
716
715
714
713
712
711
710
709
708
707
706
705
704
703
702
701
700
699
698
697
696
695
694
693
692
691
690
689
688
687
686
685
684
683
682
681
680
679
678
677
676
675
674
673
672
671
670
669
668
667
666
665
664
663
662
661
660
659
658
657
656
655
654
653
652
651
650
649
648
647
646
645
644
643
642
641
640
639
638
637
636
635
634
633
632
631
630
629
628
627
626
625
624
623
622
621
620
619
618
617
616
615
614
613
612
611
610
609
608
607
606
605
604
603
602
601
600
599
598
597
596
595
594
593
592
591
590
589
588
587
586
585
584
583
582
581
580
579
578
577
576
575
574
573
572
571
570
569
568
567
566
565
564
563
562
561
560
559
558
557
556
555
554
553
552
551
550
549
548
547
546
545
544
543
542
541
540
539
538
537
536
535
534
533
532
531
530
529
528
527
526
525
524
523
522
521
520
519
518
517
516
515
514
513
512
511
510
509
508
507
506
505
504
503
502
501
500
499
498
497
496
495
494
493
492
491
490
489
488
487
486
485
484
483
482
481
480
479
478
477
476
475
474
473
472
471
470
469
468
467
466
465
464
463
462
461
460
459
458
457
456
455
454
453
452
451
450
449
448
447
446
445
444
443
442
441
440
439
438
437
436
435
434
433
432
431
430
429
428
427
426
425
424
423
422
421
420
419
418
417
416
415
414
413
412
411
410
409
408
407
406
405
404
403
402
401
400
399
398
397
396
395
394
393
392
391
390
389
388
387
386
385
384
383
382
381
380
379
378
377
376
375
374
373
372
371
370
369
368
367
366
365
364
363
362
361
360
359
358
357
356
355
354
353
352
351
350
349
348
347
346
345
344
343
342
341
340
339
338
337
336
335
334
333
332
331
330
329
328
327
326
325
324
323
322
321
320
319
318
317
316
315
314
313
312
311
310
309
308
307
306
305
304
303
302
301
300
299
298
297
296
295
294
293
292
291
290
289
288
287
286
285
284
283
282
281
280
279
278
277
276
275
274
273
272
271
270
269
268
267
266
265
264
263
262
261
260
259
258
257
256
255
254
253
252
251
250
249
248
247
246
245
244
243
242
241
240
239
238
237
236
235
234
233
232
231
230
229
228
227
226
225
224
223
222
221
220
219
218
217
216
215
214
213
212
211
210
209
208
207
206
205
204
203
202
201
200
199
198
197
196
195
194
193
192
191
190
189
188
187
186
185
184
183
182
181
180
179
178
177
176
175
174
173
172
171
170
169
168
167
166
165
164
163
162
161
160
159
158
157
156
155
154
153
152
151
150
149
148
147
146
145
144
143
142
141
140
139
138
137
136
135
134
133
132
131
130
129
128
127
126
125
124
123
122
121
120
119
118
117
116
115
114
113
112
111
110
109
108
107
106
105
104
103
102
101
100
99
98
97
96
95
94
93
92
91
90
89
88
87
86
85
84
83
82
81
80
79
78
77
76
75
74
73
72
71
70
69
68
67
66
65
64
63
62
61
60
59
58
57
56
55
54
53
52
51
50
49
48
47
46
45
44
43
42
41
40
39
38
37
36
35
34
33
32
31
30
29
28
27
26
25
24
23
22
21
20
19
18
17
16
15
14
13
12
11
10
9
8
7
6
5
4
3
2
1
200
199
1004
1004
1004
1004
1004
1004
1004
1004
1004
1004
1004
1004
1004
1004
1004
1004
1004
1004
1004
1004
1004
1004
1004
1004
1004
1004
1004
1004
1004
1004
1004
1004
1004
1004
1004
1004
1004
1004
1004
1004
1004
1004
1004
1004
1004
1004
1004
1004
1004
1004
1004
1004
1004
1004
1004
1004
1004
1004
1004
1004
1004
1004
1004
1004
1004
1004
1004
1004
1004
1004
1004
1004
1004
1004
1004
1004
1004
1004
1004
1004
1004
1004
1004
1004
1004
1004
1004
1004
1004
1004
1004
1004
1004
1004
1004
1004
1004
1004
1004
1004
1004
1004
1004
1004
1004
1004
1004
1004
1004
1004
1004
1004
1004
1004
1004
1004
1004
1004
1004
1004
1004
1004
1004
1004
1004
1004
1004
1004
1004
1004
1004
1004
1004
1004
1004
1004
1004
1004
1004
1004
1004
1004
1004
1004
1004
1004
1004
1004
1004
1004
1004
1004
1004
1004
1004
1004
1004
1004
1004
1004
1004
1004
1004
1004
1004
1004
1004
1004
1004
1004
1004
1004
1004
1004
1004
1004
1004
1004
1004
1004
1004
1004
1004
1004
1004
1004
1004
1004
1004
1004
1004
1004
1004
1004
1004
1004
1004
1004
1004
1004
1004
1004
1004
1004
1004
1004
1004
1004
1004
1004
1004
1004
1004
1004
1004
1004
1004
1004
1004
1004
1004
1004
1004
1004
1004
1004
1004
1004
1004
1004
1004
1004
1004
1004
1004
1004
1004
1004
1004
1004
1004
1004
1004
1004
1004
1004
1004
1004
1004
1004
1004
1004
1004
1004
1004
1004
1004
1004
1004
1004
1004
1004
1004
1004
1004
1004
1004
1004
1004
1004
1004
1004
1004
1004
1004
1004
1004
1004
1004
1004
1004
1004
1004
1004
1004
1004
1004
1004
1004
1004
1004
1004
1004
1004
1004
1004
1004
1004
1004
1004
1004
1004
1004
1004
1004
1004
1004
1004
1004
1004
1004
1004
1004
1004
1004
1004
1004
1004
1004
1004
1004
1004
1004
1004
1004
1004
1004
1004
1004
1004
1004
1004
1004
1004
1004
1004
1004
1004
1004
1004
1004
1004
1004
1004
1004
1004
1004
1004
1004
1004
1004
1004
1004
1004
1004
1004
1004
1004
1004
1004
1004
1004
1004
1004
1004
1004
1004
1004
1004
1004
1004
1004
1004
1004
1004
1004
1004
1004
1004
1004
1004
1004
1004
1004
1004
1004
1004
1004
1004
1004
1004
1004
1004
1004
1004
1004
1004
1004
1004
1004
1004
1004
1004
1004
1004
1004
1004
1004
1004
1004
1004
1004
1004
1004
1004
1004
1004
1004
1004
1004
1004
1004
1004
1004
1004
1004
1004
1004
1004
1004
1004
1004
1004
1004
1004
1004
1004
1004
1004
1004
1004
1004
1004
1004
1004
1004
1004
1004
1004
1004
1004
1004
1004
1004
1004
1004
1004
1004
1004
1004
1004
1004
1004
1004
1004
1004
1004
1004
1004
1004
1004
1004
1004
1004
1004
1004
1004
1004
1004
1004
1004
1004
1004
1004
1004
1004
1004
1004
1004
1004
1004
1004
1004
1004
1004
1004
1004
1004
1004
1004
1004
1004
1004
1004
1004
1004
1004
1004
1004
1004
1004
1004
1004
1004
1004
1004
1004
1004
1004
1004
1004
1004
1004
1004
1004
1004
1004
1004
1004
1004
1004
1004
1004
1004
1004
1004
1004
1004
1004
1004
1004
1004
1004
1004
1004
1004
1004
1004
1004
1004
1004
1004
1004
1004
1004
1004
1004
1004
1004
1004
1004
1004
1004
1004
1004
1004
1004
1004
1004
1004
1004
1004
1004
1004
1004
1004
1004
1004
1004
1004
1004
1004
1004
1004
1004
1004
1004
1004
1004
1004
1004
1004
1004
1004
1004
1004
1004
1004
1004
1004
1004
1004
1004
1004
1004
1004
1004
1004
1004
1004
1004
1004
1004
1004
1004
1004
1004
1004
1004
1004
1004
1004
1004
1004
1004
1004
1004
1004
1004
1004
1004
1004
1004
1004
1004
1004
1004
1004
1004
1004
1004
1004
1004
1004
1004
1004
1004
1004
1004
1004
1004
1004
1004
1004
1004
1004
1004
1004
1004
1004
1004
1004
1004
1004
1004
1004
1004
1004
1004
1004
1004
1004
1004
1004
1004
1004
1004
1004
1004
1004
1004
1004
1004
1004
1004
1004
1004
1004
1004
1004
1004
1004
1004
1004
1004
1004
1004
1004
1004
1004
1004
1004
1004
1004
1004
1004
1004
1004
1004
1004
1004
1004
1004
1004
1004
1004
1004
1004
1004
1004
1004
1004
1004
1004
1004
1004
1004
1004
1004
1004
1004
1004
1004
1004
1004
1004
1004
1004
1004
1004
1004
1004
1004
1004
1004
1004
1004
1004
1004
1004
1004
1004
1004
1004
1004
1004
1004
1004
1004
1004
1004
1004
1004
1004
1004
1004
1004
1004
1004
1004
1004
1004
1004
1004
1004
1004
1004
1004
1004
1004
1004
1004
1004
1004
1004
1004
1004
1004
1004
1004
1004
1004
1004
1004
1004
1004
1004
1004
1004
1004
1004
1004
1004
1004
1004
1004
1004
1004
1004
1004
1004
1004
1004
1004
1004
1004
1004
1004
1004
1004
1004
1004
1004
1004
1004
1004
1004
1004
1004
1004
1004
1004
1004
1004
1004
1004
1004
1004
1004
1004
1004
1004
1004
1004
1004
1004
1004
1004
1004
1004
1004
1004
1004
1004
1004
1004
1004
1004
1004
1004
1004
1004
1004
1004
1004
1004
1004
1004
1004
1004
1004
1004
1004
1004
1004
1004
1004
1004
1004
1004
1004
1004
1004
1004
1004
1004
1004
1004
1004
1004
1004
1004
1004
1004
1004
1004
1004
1004
1004
1004
1004
1004
1004
1004
1004
1004
1004
1004
1004
1004
1004
1004
1004
1004
1004
1004
1004
1004
1004
1004
1004
1004
1004
1004
1004
1004
1004
1004
1004
1004
1004
1004
1004
1004
1004
1004
1004
1004
1004
1004
1004
1004
1004
1004
1004
1004
1004
1004
1004
1004
1004
1004
1004
1004
1004
1004
1004
1004
1004
1004
1004
1004
1004
1004
1004
1004
1004
1004
1004
1004
1004
1004
1004
1004
1004
1004
1004
1004
1004
1004
1004
1004
1004
1004
1004
1004
1004
1004
1004
1004
1004
1004
1004
1004
1004
1004
1004
1004
1004
1004
1004
1004
1004
1004
1004
334
332
1004
1004
1
1003
2
1002
3
1001
4
1000
5
999
6
998
7
997
8
996
9
995
10
994
11
993
12
992
13
991
14
990
15
989
16
988
17
987
18
986
19
985
20
984
21
983
22
982
23
981
24
980
25
979
26
978
27
977
28
976
29
975
30
974
31
973
32
972
33
971
34
970
35
969
36
968
37
967
38
966
39
965
40
964
41
963
42
962
43
961
44
960
45
959
46
958
47
957
48
956
49
955
50
954
51
953
52
952
53
951
54
950
55
949
56
948
57
947
58
946
59
945
60
944
61
943
62
942
63
941
64
940
65
939
66
938
67
937
68
936
69
935
70
934
71
933
72
932
73
931
74
930
75
929
76
928
77
927
78
926
79
925
80
924
81
923
82
922
83
921
84
920
85
919
86
918
87
917
88
916
89
915
90
914
91
913
92
912
93
911
94
910
95
909
96
908
97
907
98
906
99
905
100
904
101
903
102
902
103
901
104
900
105
899
106
898
107
897
108
896
109
895
110
894
111
893
112
892
113
891
114
890
115
889
116
888
117
887
118
886
119
885
120
884
121
883
122
882
123
881
124
880
125
879
126
878
127
877
128
876
129
875
130
874
131
873
132
872
133
871
134
870
135
869
136
868
137
867
138
866
139
865
140
864
141
863
142
862
143
861
144
860
145
859
146
858
147
857
148
856
149
855
150
854
151
853
152
852
153
851
154
850
155
849
156
848
157
847
158
846
159
845
160
844
161
843
162
842
163
841
164
840
165
839
166
838
167
837
168
836
169
835
170
834
171
833
172
832
173
831
174
830
175
829
176
828
177
827
178
826
179
825
180
824
181
823
182
822
183
821
184
820
185
819
186
818
187
817
188
816
189
815
190
814
191
813
192
812
193
811
194
810
195
809
196
808
197
807
198
806
199
805
200
804
201
803
202
802
203
801
204
800
205
799
206
798
207
797
208
796
209
795
210
794
211
793
212
792
213
791
214
790
215
789
216
788
217
787
218
786
219
785
220
784
221
783
222
782
223
781
224
780
225
779
226
778
227
777
228
776
229
775
230
774
231
773
232
772
233
771
234
770
235
769
236
768
237
767
238
766
239
765
240
764
241
763
242
762
243
761
244
760
245
759
246
758
247
757
248
756
249
755
250
754
251
753
252
752
253
751
254
750
255
749
256
748
257
747
258
746
259
745
260
744
261
743
262
742
263
741
264
740
265
739
266
738
267
737
268
736
269
735
270
734
271
733
272
732
273
731
274
730
275
729
276
728
277
727
278
726
279
725
280
724
281
723
282
722
283
721
284
720
285
719
286
718
287
717
288
716
289
715
290
714
291
713
292
712
293
711
294
710
295
709
296
708
297
707
298
706
299
705
300
704
301
703
302
702
303
701
304
700
305
699
306
698
307
697
308
696
309
695
310
694
311
693
312
692
313
691
314
690
315
689
316
688
317
687
318
686
319
685
320
684
321
683
322
682
323
681
324
680
325
679
326
678
327
677
328
676
329
675
330
674
331
673
332
672
333
671
334
670
335
669
336
668
337
667
338
666
339
665
340
664
341
663
342
662
343
661
344
660
345
659
346
658
347
657
348
656
349
655
350
654
351
653
352
652
353
651
354
650
355
649
356
648
357
647
358
646
359
645
360
644
361
643
362
642
363
641
364
640
365
639
366
638
367
637
368
636
369
635
370
634
371
633
372
632
373
631
374
630
375
629
376
628
377
627
378
626
379
625
380
624
381
623
382
622
383
621
384
620
385
619
386
618
387
617
388
616
389
615
390
614
391
613
392
612
393
611
394
610
395
609
396
608
397
607
398
606
399
605
400
604
401
603
402
602
403
601
404
600
405
599
406
598
407
597
408
596
409
595
410
594
411
593
412
592
413
591
414
590
415
589
416
588
417
587
418
586
419
585
420
584
421
583
422
582
423
581
424
580
425
579
426
578
427
577
428
576
429
575
430
574
431
573
432
572
433
571
434
570
435
569
436
568
437
567
438
566
439
565
440
564
441
563
442
562
443
561
444
560
445
559
446
558
447
557
448
556
449
555
450
554
451
553
452
552
453
551
454
550
455
549
456
548
457
547
458
546
459
545
460
544
461
543
462
542
463
541
464
540
465
539
466
538
467
537
468
536
469
535
470
534
471
533
472
532
473
531
474
530
475
529
476
528
477
527
478
526
479
525
480
524
481
523
482
522
483
521
484
520
485
519
486
518
487
517
488
516
489
515
490
514
491
513
492
512
493
511
494
510
495
509
496
508
497
507
498
506
499
505
500
504
501
503
502
1
0
1004
1
2
3
4
5
6
7
8
9
10
11
12
13
14
15
16
17
18
19
20
21
22
23
24
25
26
27
28
29
30
31
32
33
34
35
36
37
38
39
40
41
42
43
44
45
46
47
48
49
50
51
52
53
54
55
56
57
58
59
60
61
62
63
64
65
66
67
68
69
70
71
72
73
74
75
76
77
78
79
80
81
82
83
84
85
86
87
88
89
90
91
92
93
94
95
96
97
98
99
100
101
102
103
104
105
106
107
108
109
110
111
112
113
114
115
116
117
118
119
120
121
122
123
124
125
126
127
128
129
130
131
132
133
134
135
136
137
138
139
140
141
142
143
144
145
146
147
148
149
150
151
152
153
154
155
156
157
158
159
160
161
162
163
164
165
166
167
168
169
170
171
172
173
174
175
176
177
178
179
180
181
182
183
184
185
186
187
188
189
190
191
192
193
194
195
196
197
198
199
200
201
202
203
204
205
206
207
208
209
210
211
212
213
214
215
216
217
218
219
220
221
222
223
224
225
226
227
228
229
230
231
232
233
234
235
236
237
238
239
240
241
242
243
244
245
246
247
248
249
250
251
252
253
254
255
256
257
258
259
260
261
262
263
264
265
266
267
268
269
270
271
272
273
274
275
276
277
278
279
280
281
282
283
284
285
286
287
288
289
290
291
292
293
294
295
296
297
298
299
300
301
302
303
304
305
306
307
308
309
310
311
312
313
314
315
316
317
318
319
320
321
322
323
324
325
326
327
328
329
330
331
332
333
334
335
336
337
338
339
340
341
342
343
344
345
346
347
348
349
350
351
352
353
354
355
356
357
358
359
360
361
362
363
364
365
366
367
368
369
370
371
372
373
374
375
376
377
378
379
380
381
382
383
384
385
386
387
388
389
390
391
392
393
394
395
396
397
398
399
400
401
402
403
404
405
406
407
408
409
410
411
412
413
414
415
416
417
418
419
420
421
422
423
424
425
426
427
428
429
430
431
432
433
434
435
436
437
438
439
440
441
442
443
444
445
446
447
448
449
450
451
452
453
454
455
456
457
458
459
460
461
462
463
464
465
466
467
468
469
470
471
472
473
474
475
476
477
478
479
480
481
482
483
484
485
486
487
488
489
490
491
492
493
494
495
496
497
498
499
500
501
502
503
504
505
506
507
508
509
510
511
512
513
514
515
516
517
518
519
520
521
522
523
524
525
526
527
528
529
530
531
532
533
534
535
536
537
538
539
540
541
542
543
544
545
546
547
548
549
550
551
552
553
554
555
556
557
558
559
560
561
562
563
564
565
566
567
568
569
570
571
572
573
574
575
576
577
578
579
580
581
582
583
584
585
586
587
588
589
590
591
592
593
594
595
596
597
598
599
600
601
602
603
604
605
606
607
608
609
610
611
612
613
614
615
616
617
618
619
620
621
622
623
624
625
626
627
628
629
630
631
632
633
634
635
636
637
638
639
640
641
642
643
644
645
646
647
648
649
650
651
652
653
654
655
656
657
658
659
660
661
662
663
664
665
666
667
668
669
670
671
672
673
674
675
676
677
678
679
680
681
682
683
684
685
686
687
688
689
690
691
692
693
694
695
696
697
698
699
700
701
702
703
704
705
706
707
708
709
710
711
712
713
714
715
716
717
718
719
720
721
722
723
724
725
726
727
728
729
730
731
732
733
734
735
736
737
738
739
740
741
742
743
744
745
746
747
748
749
750
751
752
753
754
755
756
757
758
759
760
761
762
763
764
765
766
767
768
769
770
771
772
773
774
775
776
777
778
779
780
781
782
783
784
785
786
787
788
789
790
791
792
793
794
795
796
797
798
799
800
801
802
803
804
805
806
807
808
809
810
811
812
813
814
815
816
817
818
819
820
821
822
823
824
825
826
827
828
829
830
831
832
833
834
835
836
837
838
839
840
841
842
843
844
845
846
847
848
849
850
851
852
853
854
855
856
857
858
859
860
861
862
863
864
865
866
867
868
869
870
871
872
873
874
875
876
877
878
879
880
881
882
883
884
885
886
887
888
889
890
891
892
893
894
895
896
897
898
899
900
901
902
903
904
905
906
907
908
909
910
911
912
913
914
915
916
917
918
919
920
921
922
923
924
925
926
927
928
929
930
931
932
933
934
935
936
937
938
939
940
941
942
943
944
945
946
947
948
949
950
951
952
953
954
955
956
957
958
959
960
961
962
963
964
965
966
967
968
969
970
971
972
973
974
975
976
977
978
979
980
981
982
983
984
985
986
987
988
989
990
991
992
993
994
995
996
997
998
999
1000
1001
1002
1003
1004
1004
1
1004
1004
1003
1002
1001
1000
999
998
997
996
995
994
993
992
991
990
989
988
987
986
985
984
983
982
981
980
979
978
977
976
975
974
973
972
971
970
969
968
967
966
965
964
963
962
961
960
959
958
957
956
955
954
953
952
951
950
949
948
947
946
945
944
943
942
941
940
939
938
937
936
935
934
933
932
931
930
929
928
927
926
925
924
923
922
921
920
919
918
917
916
915
914
913
912
911
910
909
908
907
906
905
904
903
902
901
900
899
898
897
896
895
894
893
892
891
890
889
888
887
886
885
884
883
882
881
880
879
878
877
876
875
874
873
872
871
870
869
868
867
866
865
864
863
862
861
860
859
858
857
856
855
854
853
852
851
850
849
848
847
846
845
844
843
842
841
840
839
838
837
836
835
834
833
832
831
830
829
828
827
826
825
824
823
822
821
820
819
818
817
816
815
814
813
812
811
810
809
808
807
806
805
804
803
802
801
800
799
798
797
796
795
794
793
792
791
790
789
788
787
786
785
784
783
782
781
780
779
778
777
776
775
774
773
772
771
770
769
768
767
766
765
764
763
762
761
760
759
758
757
756
755
754
753
752
751
750
749
748
747
746
745
744
743
742
741
740
739
738
737
736
735
734
733
732
731
730
729
728
727
726
725
724
723
722
721
720
719
718
717
716
715
714
713
712
711
710
709
708
707
706
705
704
703
702
701
700
699
698
697
696
695
694
693
692
691
690
689
688
687
686
685
684
683
682
681
680
679
678
677
676
675
674
673
672
671
670
669
668
667
666
665
664
663
662
661
660
659
658
657
656
655
654
653
652
651
650
649
648
647
646
645
644
643
642
641
640
639
638
637
636
635
634
633
632
631
630
629
628
627
626
625
624
623
622
621
620
619
618
617
616
615
614
613
612
611
610
609
608
607
606
605
604
603
602
601
600
599
598
597
596
595
594
593
592
591
590
589
588
587
586
585
584
583
582
581
580
579
578
577
576
575
574
573
572
571
570
569
568
567
566
565
564
563
562
561
560
559
558
557
556
555
554
553
552
551
550
549
548
547
546
545
544
543
542
541
540
539
538
537
536
535
534
533
532
531
530
529
528
527
526
525
524
523
522
521
520
519
518
517
516
515
514
513
512
511
510
509
508
507
506
505
504
503
502
501
500
499
498
497
496
495
494
493
492
491
490
489
488
487
486
485
484
483
482
481
480
479
478
477
476
475
474
473
472
471
470
469
468
467
466
465
464
463
462
461
460
459
458
457
456
455
454
453
452
451
450
449
448
447
446
445
444
443
442
441
440
439
438
437
436
435
434
433
432
431
430
429
428
427
426
425
424
423
422
421
420
419
418
417
416
415
414
413
412
411
410
409
408
407
406
405
404
403
402
401
400
399
398
397
396
395
394
393
392
391
390
389
388
387
386
385
384
383
382
381
380
379
378
377
376
375
374
373
372
371
370
369
368
367
366
365
364
363
362
361
360
359
358
357
356
355
354
353
352
351
350
349
348
347
346
345
344
343
342
341
340
339
338
337
336
335
334
333
332
331
330
329
328
327
326
325
324
323
322
321
320
319
318
317
316
315
314
313
312
311
310
309
308
307
306
305
304
303
302
301
300
299
298
297
296
295
294
293
292
291
290
289
288
287
286
285
284
283
282
281
280
279
278
277
276
275
274
273
272
271
270
269
268
267
266
265
264
263
262
261
260
259
258
257
256
255
254
253
252
251
250
249
248
247
246
245
244
243
242
241
240
239
238
237
236
235
234
233
232
231
230
229
228
227
226
225
224
223
222
221
220
219
218
217
216
215
214
213
212
211
210
209
208
207
206
205
204
203
202
201
200
199
198
197
196
195
194
193
192
191
190
189
188
187
186
185
184
183
182
181
180
179
178
177
176
175
174
173
172
171
170
169
168
167
166
165
164
163
162
161
160
159
158
157
156
155
154
153
152
151
150
149
148
147
146
145
144
143
142
141
140
139
138
137
136
135
134
133
132
131
130
129
128
127
126
125
124
123
122
121
120
119
118
117
116
115
114
113
112
111
110
109
108
107
106
105
104
103
102
101
100
99
98
97
96
95
94
93
92
91
90
89
88
87
86
85
84
83
82
81
80
79
78
77
76
75
74
73
72
71
70
69
68
67
66
65
64
63
62
61
60
59
58
57
56
55
54
53
52
51
50
49
48
47
46
45
44
43
42
41
40
39
38
37
36
35
34
33
32
31
30
29
28
27
26
25
24
23
22
21
20
19
18
17
16
15
14
13
12
11
10
9
8
7
6
5
4
3
2
1
