97
-5 9
3 -10
-5 -2
4 -20
7 13
6 18
-4 -12
6 -20
4 4
14 -12
18 -8
-3 -13
18 1
3 3
-5 4
-5 7
10 16
5 -20
10 -16
-2 -15
8 6
9 6
-1 16
5 10
-5 -4
13 4
18 -5
12 12
-5 -7
-5 -11
3 20
-5 2
2 -18
10 14
18 -1
18 2
6 -7
-7 -20
-1 -15
-11 -21
10 6
7 7
6 6
-4 -17
18 0
12 -14
7 6
13 6
11 6
-5 -1
0 -13
11 7
4 20
2 2
15 -11
5 11
5 9
6 8
-5 -18
-8 -21
13 8
2 19
-5 -6
13 9
10 -3
13 12
17 -9
-5 12
-3 14
-2 15
8 16
5 -8
8 -18
-5 5
11 16
-5 1
-5 -9
13 14
17 3
13 10
4 -9
8 -5
13 2
0 -16
13 11
13 0
8 14
18 -2
18 -3
12 -1
18 -6
0 17
-5 11
-10 -21
16 4
14 6
1 -12
