451
28 1
8 19
28 22
28 7
39 9
45 13
23 16
27 34
45 7
36 -9
18 6
19 28
49 17
2 14
21 -5
43 15
8 27
38 22
37 14
6 12
37 -6
16 28
22 34
19 -11
18 28
30 9
22 10
4 17
10 21
14 11
35 -10
49 13
29 -11
38 30
28 16
10 15
19 16
12 23
43 14
0 7
39 29
26 -5
11 24
6 10
23 34
6 16
34 -9
6 3
43 17
24 22
42 -1
14 -6
48 20
34 -3
18 10
6 5
36 16
27 -5
12 8
19 -3
14 2
43 16
37 -8
45 2
32 5
2 -1
25 16
23 1
29 22
49 14
2 13
43 8
15 20
41 -2
22 -11
2 8
20 22
12 17
12 6
31 -5
45 4
34 18
38 -5
33 10
28 -5
37 11
22 22
10 23
6 19
2 15
33 27
14 3
31 2
17 22
39 4
31 21
12 5
2 5
2 12
40 28
15 34
29 2
34 -1
24 8
39 2
0 1
36 32
34 -11
37 12
21 -11
45 8
32 -11
49 4
13 16
46 22
17 14
2 1
16 0
42 18
33 -2
18 -10
38 1
20 4
12 14
20 16
37 31
17 -1
34 26
0 3
12 11
9 20
49 6
15 26
36 1
30 14
15 1
26 7
17 34
22 2
27 7
2 10
21 16
43 25
24 34
22 -5
32 -5
23 -5
49 8
22 28
23 22
12 12
6 25
8 7
23 28
20 6
14 33
27 9
26 28
39 -4
19 34
18 34
40 20
28 34
36 -1
39 11
8 10
33 -10
5 24
19 5
36 24
43 12
36 -7
37 0
11 16
1 20
26 34
44 16
33 4
13 26
4 23
36 7
2 2
40 3
33 6
18 8
0 17
35 17
8 12
39 12
31 -11
8 2
0 19
17 20
12 25
31 -4
14 17
9 14
6 9
11 30
49 9
40 -3
45 0
42 -3
18 7
39 21
25 34
44 -1
6 13
43 11
11 22
45 3
12 10
17 -9
18 9
41 4
39 5
33 34
33 19
44 1
31 34
25 -11
24 -5
29 34
24 16
18 12
12 9
10 -2
14 9
33 -4
18 22
39 8
23 10
41 27
30 -11
32 3
15 -7
31 13
49 19
38 14
28 -11
0 4
49 18
27 16
37 15
28 28
32 12
0 5
10 29
26 16
30 34
16 34
25 1
14 10
11 -3
21 34
2 3
6 4
14 25
12 13
0 14
16 27
14 19
30 3
47 21
27 22
26 1
6 14
18 15
9 -1
41 19
15 18
37 9
7 18
6 7
43 9
8 0
21 10
2 9
35 33
0 10
0 2
16 13
13 24
43 13
21 22
24 28
19 14
18 13
8 6
14 7
8 1
31 11
33 8
31 10
37 13
38 -7
37 2
6 6
34 34
0 18
5 18
18 11
0 6
14 6
20 -11
8 13
31 28
6 2
17 28
13 32
42 26
3 22
29 28
43 6
2 11
45 10
22 16
8 5
16 21
24 10
30 -5
26 10
31 12
26 -11
27 -11
16 -8
45 9
12 15
2 21
39 13
21 28
12 31
0 13
6 8
35 6
0 15
14 8
25 7
7 1
6 11
30 1
43 -2
0 8
27 1
0 9
43 7
2 7
25 10
6 17
14 5
46 1
27 8
16 19
33 7
8 8
9 28
32 34
20 5
49 16
49 5
8 21
12 -4
45 11
2 0
29 15
8 4
35 25
29 -5
32 20
2 6
25 -5
37 8
20 8
8 11
13 3
24 -11
26 22
20 28
20 9
49 10
39 -6
13 18
41 -4
12 7
43 0
7 20
29 8
14 4
9 22
49 7
30 28
38 3
45 12
19 22
37 23
37 10
15 12
35 0
45 23
39 6
20 34
45 6
20 -4
31 4
33 -11
7 26
42 5
43 10
15 28
34 5
33 9
49 15
32 28
35 -2
39 7
8 9
30 22
45 5
23 -11
6 15
45 15
0 11
12 4
25 28
24 1
40 -5
18 -2
49 12
21 3
0 12
0 16
13 -5
20 15
25 22
44 24
48 3
33 11
18 21
20 7
8 3
27 28
49 11
29 1
14 27
32 -3
35 -8
39 10
3 16
2 4
45 14
47 2
