1018
63 16
14 40
73 63
23 10
79 57
40 13
21 12
55 74
18 13
51 78
32 42
17 53
6 48
7 9
21 5
78 70
6 44
45 34
44 21
37 36
63 80
1 8
1 10
69 7
4 59
77 71
24 22
44 4
16 55
1 12
13 61
44 5
14 61
48 23
-1 68
15 21
16 13
27 16
19 51
47 38
29 7
40 4
11 43
46 0
21 7
25 14
13 27
48 21
49 14
52 29
71 69
13 45
35 32
35 36
67 18
23 12
61 22
58 5
48 25
-5 72
54 7
5 16
76 49
59 82
71 10
34 21
15 59
36 19
15 55
19 25
36 52
28 48
65 62
44 3
46 22
65 72
14 60
65 16
13 3
7 7
38 6
63 74
73 71
30 20
67 9
22 9
67 35
24 64
50 30
52 24
80 53
12 61
26 54
44 9
43 20
34 15
58 17
61 54
66 68
72 49
37 34
22 25
65 41
75 13
48 -8
77 7
22 41
29 10
6 59
76 70
41 36
69 14
71 12
81 67
45 14
36 48
13 4
29 5
12 57
32 30
4 46
72 43
42 18
11 7
30 38
77 3
64 56
26 18
41 18
23 55
3 64
35 38
47 20
10 48
25 12
10 57
77 -1
35 20
71 14
3 76
38 9
24 44
1 6
26 62
9 20
42 4
21 3
39 34
19 10
8 55
7 76
36 13
74 66
85 7
22 58
14 59
19 3
71 65
65 43
67 60
78 66
16 57
58 7
58 11
56 28
38 11
21 15
22 50
41 32
58 15
6 61
63 37
61 31
41 30
34 28
57 80
28 31
12 59
75 5
18 11
32 31
57 76
24 28
43 34
68 68
77 63
57 70
70 43
17 9
7 84
10 56
63 56
26 29
40 20
28 26
5 82
32 15
13 5
26 48
61 33
-1 76
32 56
59 43
37 32
37 22
43 32
16 15
67 43
60 13
14 44
24 48
24 14
63 41
54 13
14 36
48 27
12 60
24 52
80 49
43 36
24 24
26 28
7 12
28 56
76 45
11 21
8 42
25 13
68 45
66 64
28 30
34 32
8 46
44 16
10 40
30 35
27 5
21 37
15 76
45 38
28 60
11 3
5 78
42 11
30 44
46 21
20 9
67 16
40 6
69 67
28 50
2 54
12 56
9 57
42 5
53 72
38 2
46 29
81 11
60 17
56 15
30 39
69 35
63 64
26 60
11 5
4 50
70 45
40 11
30 22
66 62
49 26
20 38
21 9
44 20
78 68
8 50
57 68
56 11
61 74
28 58
51 66
10 54
65 39
3 72
49 80
36 40
15 10
22 39
75 57
20 24
74 49
4 52
23 37
59 24
22 46
51 64
60 7
50 22
5 70
68 66
22 48
6 42
20 42
47 24
25 10
40 0
67 74
13 7
11 10
44 24
53 80
13 78
19 37
18 17
31 8
83 5
60 15
34 31
12 55
23 13
9 74
55 72
24 25
24 39
23 15
28 29
40 8
23 9
32 22
70 62
36 23
43 24
8 56
24 56
47 16
4 55
28 62
59 60
38 19
26 30
26 50
28 39
79 69
6 53
40 17
50 27
34 46
17 16
18 36
68 43
33 10
55 82
35 16
65 31
73 59
64 52
28 41
40 9
34 26
8 59
3 68
60 19
58 13
74 43
63 14
59 76
67 33
21 39
15 6
77 11
7 18
32 34
4 44
26 56
36 34
5 66
9 18
35 12
10 44
54 30
70 58
67 37
30 42
24 26
53 18
7 10
26 35
43 38
61 41
53 68
59 35
15 47
81 3
56 9
4 61
32 24
22 24
48 -6
15 7
17 5
38 13
1 66
40 2
27 13
59 20
30 29
13 12
16 53
10 59
6 56
28 35
77 67
54 5
52 32
52 25
13 23
38 36
61 24
54 1
77 15
84 53
37 30
13 57
68 64
71 9
28 37
62 54
43 30
44 -4
28 24
69 10
1 4
46 -4
10 46
57 72
40 -2
17 8
26 16
24 62
74 51
9 45
32 44
28 52
48 20
22 11
15 3
74 68
51 70
64 48
26 42
72 62
34 17
71 8
46 -6
45 32
12 53
15 14
42 6
8 44
2 52
42 -4
26 46
66 43
69 37
26 37
65 76
47 30
7 55
37 10
73 15
76 47
79 13
28 16
44 -6
74 47
28 22
30 27
78 53
52 27
63 35
35 34
20 58
39 30
17 12
12 42
7 68
14 38
30 32
34 25
63 60
25 39
54 26
68 70
46 -2
15 51
12 36
5 74
63 31
59 72
26 64
76 51
76 62
11 25
69 15
3 10
24 41
71 13
62 50
26 58
40 19
44 11
34 24
61 58
34 13
36 42
16 17
59 37
20 13
48 28
33 6
34 54
17 3
51 24
34 36
67 12
37 14
32 36
28 20
34 50
8 48
38 17
79 1
69 33
14 34
38 10
85 63
61 35
42 0
26 24
59 74
65 20
44 13
4 57
81 63
14 58
5 9
28 40
20 34
22 64
40 44
32 23
24 50
32 37
6 54
72 47
25 5
15 5
34 35
71 6
26 41
25 41
54 9
10 55
20 60
5 53
70 68
9 70
39 32
1 70
50 23
70 47
5 14
9 8
9 23
23 39
32 29
26 22
32 26
19 14
63 18
75 1
79 65
11 6
68 52
25 15
63 82
8 52
59 26
79 9
72 60
5 49
6 58
25 9
67 10
41 14
44 15
5 10
17 7
63 33
30 58
38 21
56 13
45 26
59 78
28 27
63 39
11 59
47 34
29 9
55 86
22 36
1 74
30 46
8 57
23 8
18 50
30 54
69 8
32 20
9 16
13 9
23 7
73 67
11 55
20 50
17 27
42 -2
26 20
37 38
79 5
81 59
9 49
42 13
83 61
16 38
19 59
7 16
38 50
14 57
55 68
69 63
56 3
61 18
3 14
44 0
61 39
37 18
51 62
45 36
10 60
42 9
59 18
49 18
77 59
50 21
76 68
51 82
-3 74
28 28
74 64
32 25
6 55
17 49
30 18
54 3
78 64
83 9
72 45
45 10
24 16
65 35
14 53
74 62
51 16
67 14
76 53
53 66
9 53
52 28
6 57
12 38
48 -10
3 6
21 13
21 57
77 55
34 30
22 13
23 41
1 78
5 8
67 41
55 20
7 51
3 8
65 14
22 22
78 51
11 76
11 9
24 38
9 7
39 36
59 33
69 11
61 20
30 26
27 11
20 62
20 56
36 36
66 58
10 58
63 22
65 37
24 60
16 61
32 46
23 11
28 25
36 11
26 39
9 82
63 78
63 76
4 48
61 76
75 69
39 38
24 27
45 30
50 26
68 56
66 70
39 12
38 0
50 29
32 17
46 -8
9 5
36 44
46 26
19 5
51 68
71 5
6 50
73 19
69 41
4 56
72 56
43 16
65 18
48 29
55 66
30 31
75 61
34 38
75 73
3 80
28 46
61 62
26 25
28 42
27 12
36 17
80 51
-3 70
66 66
32 40
27 7
70 54
17 61
38 8
59 22
34 44
32 27
30 34
23 5
57 58
52 21
45 22
78 62
44 7
15 9
71 61
32 21
29 11
12 44
76 66
9 78
32 52
42 46
46 27
42 17
71 17
65 33
11 80
42 2
44 27
61 80
75 17
66 54
74 45
50 25
22 26
44 25
70 66
24 46
21 11
22 40
44 29
15 25
28 64
4 53
53 76
68 62
16 60
73 3
65 58
32 19
44 23
42 15
6 46
11 72
20 48
82 53
38 15
32 35
35 8
43 28
72 64
10 38
60 11
79 61
73 7
57 74
12 40
38 4
38 46
74 70
34 19
41 26
69 43
23 3
29 15
8 58
32 28
41 22
81 7
46 18
75 9
51 20
40 7
41 38
20 15
47 12
78 47
24 37
63 20
8 40
61 16
69 39
8 60
41 34
18 40
9 12
33 14
25 11
78 49
68 60
14 42
30 28
75 65
22 56
0 52
42 22
36 21
24 18
20 41
56 7
7 80
7 47
72 68
27 9
22 7
59 56
17 23
61 72
59 39
45 18
13 8
17 57
13 19
72 70
59 41
67 13
44 -2
46 25
16 19
15 63
30 24
67 39
48 -2
26 44
60 9
47 28
30 48
36 15
57 84
59 31
30 30
39 20
30 50
82 51
10 61
53 70
22 62
24 58
12 58
26 26
31 12
3 12
15 29
19 55
38 42
61 37
28 18
47 32
21 53
69 12
46 23
16 59
22 60
76 64
14 55
20 11
13 53
49 22
29 13
34 34
67 31
53 22
8 53
11 47
66 50
44 2
32 32
34 42
46 2
54 11
47 36
12 46
53 84
28 32
72 66
34 23
7 72
28 44
25 7
27 41
26 27
27 15
55 70
43 12
19 7
13 49
18 15
61 78
39 24
24 20
6 52
70 70
55 78
9 14
52 23
35 30
58 9
4 54
60 52
40 48
73 11
63 70
48 -4
65 12
10 42
65 11
3 51
13 74
67 65
8 61
8 54
5 12
59 70
11 51
-1 72
42 7
9 9
40 15
56 5
48 24
61 43
69 16
48 0
63 43
10 53
32 48
20 64
61 68
70 64
27 14
74 58
69 31
83 65
30 37
7 14
53 64
39 16
