2061
38 79
86 55
88 96
43 123
107 79
70 16
24 17
53 46
92 73
48 65
54 123
71 77
37 85
92 14
53 24
10 89
12 47
48 58
41 66
37 97
28 22
30 115
48 53
55 123
78 2
50 35
27 21
63 82
58 79
69 91
106 53
17 60
20 61
112 121
52 85
34 31
121 24
38 81
98 79
18 69
113 73
70 7
15 124
130 27
57 115
54 7
112 102
53 104
54 70
25 22
44 113
74 64
109 83
40 79
66 101
14 51
11 61
40 116
105 43
59 86
42 47
30 14
14 60
55 20
76 105
119 110
118 27
115 27
37 79
19 42
1 108
53 83
28 106
91 81
55 29
111 114
7 97
14 27
14 30
52 40
81 2
121 21
50 1
89 2
27 18
28 102
117 81
33 80
106 96
110 85
18 18
7 108
131 38
116 115
46 11
48 41
120 90
95 38
46 107
38 73
16 54
61 129
63 8
42 27
8 36
123 56
35 66
106 113
57 82
39 77
85 99
21 35
57 26
102 47
53 82
71 67
29 25
111 49
46 17
115 99
51 64
75 58
106 102
7 87
64 74
115 112
8 50
43 30
49 7
53 15
27 74
52 55
1 83
46 126
64 22
61 10
94 7
12 30
115 30
19 96
80 8
69 119
61 12
73 70
78 5
82 61
44 14
58 29
76 16
21 118
49 88
57 112
63 114
51 96
85 102
37 121
47 102
67 61
94 18
18 38
121 33
40 88
99 37
114 85
52 132
72 76
62 66
46 79
95 35
108 40
26 22
104 50
29 76
105 118
57 98
5 54
101 61
35 82
25 31
32 94
118 33
63 17
96 84
1 88
92 2
79 20
101 37
76 13
103 96
54 64
15 14
27 23
58 71
108 113
8 106
118 108
10 48
60 113
46 130
57 73
106 86
20 36
124 33
24 121
22 28
15 17
69 5
124 30
28 25
113 82
-2 105
61 20
47 28
101 34
66 5
-5 89
5 45
40 90
102 40
115 105
21 13
53 26
59 106
59 38
36 89
29 42
80 2
46 30
12 45
6 124
66 14
71 52
8 53
111 100
41 24
21 10
39 18
17 23
44 68
25 25
50 81
37 19
128 56
41 72
50 12
18 24
98 42
7 102
50 24
54 47
8 44
96 13
26 32
35 74
113 88
69 116
49 37
18 44
91 84
117 49
102 43
47 17
24 115
79 93
51 44
62 61
51 8
110 59
52 59
9 118
23 34
8 103
63 100
104 83
-2 99
43 15
113 76
17 115
121 89
52 111
41 81
62 83
112 122
4 93
93 34
44 79
49 84
63 75
76 108
106 80
64 19
46 20
107 108
88 87
37 88
33 56
63 117
49 120
48 76
23 19
121 18
122 47
75 2
103 53
63 73
64 81
40 114
114 49
100 14
58 46
61 4
60 81
86 2
8 115
50 38
51 66
66 71
27 26
113 79
17 62
54 37
64 63
101 43
113 77
110 67
63 85
34 92
53 61
45 38
25 28
43 105
29 35
26 31
57 61
124 87
75 73
97 63
15 66
53 21
98 19
43 29
15 33
81 14
58 126
106 126
53 76
51 110
45 86
33 112
104 64
36 47
24 35
15 70
59 37
52 100
51 70
79 96
31 70
75 26
95 76
57 121
54 35
57 70
109 120
68 70
58 87
23 36
37 93
116 79
65 86
66 118
43 88
116 109
79 105
58 83
115 102
21 26
48 -2
79 102
28 76
40 21
57 79
95 70
15 25
15 23
115 80
56 67
23 39
57 72
96 37
17 76
25 89
54 69
96 34
21 38
49 10
69 8
47 72
46 21
20 58
67 29
15 79
66 78
116 73
41 78
116 82
23 29
24 25
99 43
30 77
54 120
63 5
5 121
105 105
33 68
77 61
4 95
104 105
111 46
59 23
32 83
56 89
66 90
1 103
106 109
22 96
94 93
77 70
54 126
59 92
60 58
118 93
69 26
121 93
69 122
55 58
14 118
17 103
47 62
100 96
85 96
89 76
112 95
18 35
40 98
41 61
129 18
60 122
63 76
20 22
33 109
60 26
37 117
58 91
12 53
61 76
70 65
117 12
34 88
78 11
47 26
17 50
33 32
54 75
29 73
47 40
100 104
80 73
93 37
12 115
67 13
58 13
89 58
110 50
112 74
91 90
51 125
12 50
57 35
67 19
101 82
116 59
121 84
57 55
27 15
97 16
47 2
102 93
31 22
48 9
134 50
103 108
57 81
36 27
103 77
43 82
55 43
49 129
83 17
68 23
66 82
65 58
76 10
62 23
53 30
42 29
80 11
75 17
66 17
54 66
84 64
101 114
73 7
31 76
16 93
19 99
44 80
54 117
61 62
53 73
122 87
42 59
61 80
92 34
103 99
105 81
34 104
61 22
114 105
47 19
41 111
88 84
121 105
70 75
42 11
52 21
30 80
105 46
100 93
83 11
56 10
39 26
54 97
49 80
62 92
80 61
118 67
129 24
66 11
100 117
48 64
56 29
53 63
99 82
38 67
104 115
92 8
45 32
53 119
31 87
67 7
109 124
104 91
45 69
72 81
47 38
87 31
43 116
46 6
95 41
101 85
21 28
55 71
24 11
17 38
47 34
52 4
87 34
103 90
14 42
46 14
20 33
123 90
39 56
69 17
33 27
118 78
16 19
97 90
79 108
28 28
18 32
73 29
84 10
11 109
24 26
48 26
101 112
102 20
82 93
14 109
56 110
112 108
69 131
76 22
60 82
28 88
60 88
11 39
66 35
24 32
118 103
83 64
19 73
11 55
94 108
58 130
47 31
43 127
63 123
112 61
112 93
48 106
135 18
110 106
107 73
41 70
15 38
57 127
69 79
90 31
76 19
57 66
109 96
14 106
60 128
47 104
63 35
63 78
57 69
2 55
70 19
53 27
37 31
16 99
62 77
104 85
17 53
130 21
43 87
67 16
86 8
15 20
49 117
47 44
24 109
111 43
44 32
13 96
115 61
27 78
21 112
105 102
17 106
21 34
27 83
36 29
89 33
6 39
51 119
8 121
50 86
37 76
53 0
123 92
51 34
121 64
44 35
93 40
70 29
53 41
9 124
112 111
112 96
22 100
132 21
15 26
17 68
92 12
61 49
107 50
16 102
47 74
51 77
34 25
94 87
64 29
46 114
45 56
32 33
109 110
45 -1
37 89
86 20
92 28
18 47
97 106
46 68
14 54
43 78
86 11
45 10
76 4
99 22
31 31
57 67
107 121
27 34
132 47
93 4
8 62
56 80
63 2
51 75
85 93
42 74
89 20
40 76
98 87
51 107
103 73
55 127
45 44
56 26
82 102
58 102
57 109
60 76
51 -3
68 74
91 110
55 74
55 14
24 79
40 103
112 55
1 96
112 109
26 79
52 15
45 105
11 64
119 87
31 30
72 11
53 29
55 70
101 70
72 61
106 99
47 41
28 86
67 20
65 32
56 41
13 101
127 27
30 17
73 20
103 102
42 41
120 44
60 79
15 35
38 59
39 78
77 23
24 63
56 74
127 24
61 73
94 84
59 35
121 53
98 39
100 53
44 38
37 101
14 57
49 5
29 20
105 112
20 26
50 26
35 26
51 38
127 30
17 59
113 108
59 80
105 37
47 115
50 103
43 94
59 52
31 0
130 33
17 33
63 120
17 118
76 99
88 90
31 91
72 17
21 47
83 14
114 90
78 17
31 103
112 53
65 80
32 69
50 69
42 35
37 30
108 102
51 61
111 56
30 109
54 116
137 47
41 26
53 11
63 72
34 28
34 100
70 10
41 75
11 112
36 75
124 70
73 10
21 64
5 42
118 113
44 30
13 36
39 38
53 89
7 45
43 9
69 2
50 17
92 85
60 116
77 77
17 56
56 75
55 86
63 46
34 118
7 92
40 8
65 67
39 32
91 65
121 104
59 83
141 24
17 30
107 67
54 114
11 52
83 82
8 29
48 47
69 78
38 65
104 110
-2 86
117 96
74 73
36 78
106 68
78 70
108 89
70 58
90 6
118 118
24 20
-5 104
27 24
47 64
77 76
96 40
10 105
86 61
50 73
4 111
48 18
103 69
99 122
20 70
25 105
20 21
96 2
33 44
43 95
83 70
23 31
51 113
47 89
43 83
2 46
14 112
115 24
43 18
56 49
73 4
90 37
39 106
35 68
86 85
55 131
36 79
51 67
48 35
80 79
117 106
114 72
48 73
15 29
99 46
83 8
132 18
58 70
71 74
72 8
66 121
44 57
89 82
107 64
110 91
21 32
106 119
44 76
39 44
51 49
59 41
118 84
62 96
60 110
46 83
89 25
61 72
34 73
107 106
27 81
109 97
44 63
60 73
129 12
107 81
68 86
72 14
66 130
43 7
2 45
111 74
30 112
56 13
89 70
22 19
50 75
117 116
38 5
1 102
132 15
39 74
7 96
51 116
118 105
25 19
100 62
41 29
115 81
30 53
56 38
102 56
88 93
98 50
32 23
98 114
13 86
60 78
5 106
78 8
100 70
98 73
80 17
35 80
81 5
103 81
90 28
34 84
58 61
16 28
48 46
59 29
61 103
42 0
81 11
107 76
78 14
96 24
102 34
61 29
14 48
69 49
46 92
18 26
13 91
10 93
18 109
41 91
115 108
-5 102
73 19
41 15
135 24
94 68
91 87
51 76
63 55
103 93
49 125
52 89
121 108
42 53
114 98
61 16
32 75
98 8
18 80
21 22
44 92
92 37
88 99
102 111
19 57
102 37
67 74
126 38
25 37
64 13
101 40
37 28
21 70
32 28
64 64
49 21
42 20
25 75
54 108
115 18
38 62
75 11
42 18
49 13
110 76
101 67
60 72
71 23
48 112
18 21
36 71
54 52
109 100
82 96
20 67
25 101
58 32
30 26
30 20
-2 91
28 98
21 29
5 115
26 37
64 4
115 58
110 119
28 37
107 87
17 121
55 23
130 30
129 21
68 55
43 46
93 26
89 14
38 24
87 19
11 49
123 15
55 41
49 16
88 66
38 70
4 87
109 75
68 98
64 16
49 19
72 26
16 98
129 15
116 91
30 35
43 12
33 50
31 25
61 13
115 84
47 24
49 109
31 19
11 46
43 86
24 42
33 72
125 59
112 105
52 122
46 122
119 50
53 93
47 67
18 121
31 67
69 35
41 32
31 99
55 26
63 11
103 65
43 6
14 103
34 82
44 29
116 119
79 64
50 92
30 47
4 42
29 84
18 27
11 118
69 81
63 81
33 3
69 14
51 50
86 16
104 59
11 103
58 75
121 61
48 66
70 22
17 65
60 119
105 47
99 11
26 27
21 16
66 124
15 41
53 79
110 79
64 93
91 93
20 52
55 78
35 63
75 14
42 77
51 29
34 19
83 20
49 121
46 87
90 34
15 48
113 117
27 82
46 -5
50 58
50 72
40 85
35 77
20 48
56 28
30 34
38 71
57 6
21 115
115 21
2 40
102 46
10 94
65 97
31 37
31 83
68 83
45 43
52 70
48 61
95 64
10 33
92 23
12 67
63 79
48 72
19 28
24 29
60 70
92 61
54 79
28 31
100 90
95 82
123 12
63 88
101 50
-8 99
73 55
96 111
18 51
-11 95
76 20
101 64
11 54
56 64
19 95
41 80
87 8
124 27
52 120
35 31
33 79
108 47
46 5
56 35
40 30
62 89
109 99
80 58
50 44
24 47
105 56
1 98
101 58
126 53
94 64
52 73
11 121
12 41
107 70
47 22
114 56
47 29
55 11
56 83
4 90
13 82
19 19
12 121
62 80
112 52
57 118
66 81
59 65
55 113
102 120
30 81
85 90
104 67
52 18
50 41
132 24
93 31
107 59
2 58
15 44
29 80
70 73
92 5
120 12
15 56
61 19
10 87
47 35
118 102
27 27
44 70
128 41
106 76
121 67
50 106
57 75
104 79
82 90
94 78
50 89
47 77
61 84
21 109
28 94
60 75
28 90
53 44
64 20
53 38
21 76
24 23
-2 106
124 50
20 77
66 67
119 86
86 17
43 17
109 84
37 73
44 65
24 44
122 84
116 87
112 82
101 76
118 64
103 115
21 72
13 51
129 35
104 97
92 11
94 81
54 18
59 44
-5 94
52 124
56 19
117 47
97 71
27 44
27 112
18 25
81 17
94 90
104 96
98 36
118 18
116 75
110 117
44 90
-2 96
56 34
83 76
22 85
99 34
44 33
85 87
63 129
24 14
54 41
66 115
39 1
108 46
120 15
46 8
114 115
-2 93
24 118
35 83
56 105
62 86
49 133
12 59
17 22
23 51
111 87
89 8
41 64
49 35
123 18
47 70
47 56
114 46
32 78
14 22
95 10
117 90
2 43
79 99
21 121
15 50
108 56
44 21
89 17
49 23
125 44
4 100
138 21
130 24
51 114
101 88
74 80
88 22
24 75
112 78
7 82
56 16
18 65
40 26
57 44
81 67
47 71
76 96
25 97
59 64
36 53
50 62
77 64
14 25
89 27
47 92
47 13
64 77
33 90
120 107
45 50
97 119
59 26
18 36
89 30
53 35
70 95
112 84
19 37
5 51
126 18
44 52
26 17
113 118
69 125
44 36
17 28
107 116
98 85
67 78
109 105
57 87
33 74
9 121
121 30
108 103
18 34
70 13
83 58
44 24
80 5
20 64
62 40
130 44
121 73
89 64
16 83
76 7
36 2
44 73
8 47
45 18
60 35
57 40
11 115
98 67
107 94
91 69
41 49
12 118
40 94
15 112
100 66
43 85
126 12
42 66
60 85
59 77
24 41
44 44
51 69
2 52
41 58
41 100
53 74
108 76
49 89
40 77
30 65
52 12
110 70
50 78
15 32
65 83
5 103
59 89
48 69
126 15
71 80
57 78
25 86
15 53
118 21
46 88
38 92
23 24
20 41
65 77
66 127
39 50
23 78
62 76
18 41
65 73
110 87
74 49
38 29
115 33
8 51
44 69
86 73
80 74
15 121
21 44
86 5
64 10
45 23
14 121
78 55
47 32
100 74
17 109
46 32
37 22
52 128
12 124
118 70
53 92
49 -6
1 90
18 73
44 3
73 13
40 82
66 75
130 18
76 52
-5 96
21 124
59 76
21 68
36 109
92 40
71 70
41 35
36 41
50 29
31 107
86 79
31 82
29 82
114 112
57 76
18 118
13 90
54 67
118 24
112 99
14 66
10 84
49 52
65 74
22 45
32 72
21 25
56 94
34 22
109 71
22 74
115 67
52 81
123 41
100 78
17 112
37 112
24 34
53 86
52 77
113 85
89 11
64 73
27 109
115 93
75 8
110 107
86 67
118 58
93 15
21 50
15 115
115 120
6 121
84 31
115 64
121 27
45 110
14 115
96 43
56 32
68 80
25 93
108 116
97 67
40 120
34 85
109 93
117 83
18 53
27 29
27 38
22 92
107 82
39 12
113 90
31 77
73 22
110 92
57 68
126 21
114 81
57 124
54 111
42 108
26 39
44 66
60 125
47 73
14 63
13 19
29 31
98 91
82 99
98 33
109 53
51 35
5 60
11 32
135 21
124 76
106 100
124 24
67 76
38 76
34 86
115 77
54 73
67 4
73 16
63 126
70 20
21 54
92 17
47 79
44 26
28 19
41 23
96 31
96 47
47 25
27 20
4 85
118 80
56 71
91 96
66 52
118 30
30 91
34 96
63 14
113 59
55 90
105 91
30 73
37 25
89 39
66 8
29 30
92 79
11 27
111 90
7 84
68 32
110 73
43 79
5 48
90 17
39 88
23 22
93 113
40 91
47 55
8 56
44 71
104 76
76 102
39 27
24 67
106 90
17 45
99 109
38 82
31 79
-8 97
21 23
37 21
41 4
41 38
60 43
5 57
67 10
98 30
22 37
37 9
127 21
105 49
66 26
91 9
92 67
42 87
10 99
8 112
18 50
103 88
25 48
43 -4
18 112
101 17
109 111
138 24
27 17
22 104
49 76
124 108
34 -1
70 4
120 81
27 45
80 20
35 72
103 128
24 112
50 32
67 94
76 67
24 38
62 107
44 74
121 70
5 112
27 32
99 40
61 67
112 58
44 77
62 74
50 20
3 124
35 69
65 23
104 61
29 70
27 115
48 67
94 72
60 69
104 70
47 76
35 24
-2 101
56 92
27 30
118 91
55 101
52 9
12 44
16 88
65 43
59 95
30 29
18 12
35 71
60 99
127 18
27 118
76 111
7 90
53 108
47 80
74 67
126 90
68 68
103 118
64 7
52 38
127 33
16 39
30 23
107 88
92 31
88 11
113 87
43 119
-14 98
56 77
49 22
127 47
67 22
5 109
4 80
95 116
92 20
106 93
47 68
44 60
30 41
32 81
27 25
95 21
60 80
51 72
120 94
108 90
33 76
11 58
40 -3
43 21
53 18
45 75
45 66
74 77
99 47
56 25
31 73
29 79
15 11
40 86
15 8
24 71
18 124
48 27
113 70
102 80
27 70
51 73
102 107
26 85
21 39
21 81
44 67
55 82
36 59
63 89
31 95
111 104
74 74
36 35
40 124
50 23
18 29
106 72
116 76
133 41
63 26
77 74
48 70
74 23
9 42
72 2
55 60
115 122
105 40
62 32
91 20
101 94
110 82
43 91
24 82
135 44
33 38
131 53
108 49
35 60
124 64
15 118
8 118
34 70
47 65
43 3
59 9
116 85
44 102
43 115
35 93
104 123
72 46
108 43
18 9
97 5
80 14
-8 92
97 75
38 109
41 69
19 103
37 82
49 69
52 26
129 50
4 105
51 122
105 78
29 85
72 5
104 73
53 70
95 29
18 115
112 101
54 78
20 31
59 32
27 66
112 64
27 62
34 30
49 99
115 55
95 88
50 43
2 49
111 81
116 88
27 12
106 84
18 15
51 18
50 117
54 72
37 -2
69 64
124 73
69 11
34 79
11 106
1 93
124 93
38 68
124 21
124 18
21 19
14 35
66 2
63 70
89 5
71 32
52 24
45 27
53 32
118 61
83 5
27 50
80 67
34 76
13 102
32 84
82 105
12 56
68 77
56 44
54 32
86 14
95 32
-8 102
53 31
71 83
64 79
64 104
58 72
101 73
17 31
44 27
19 84
5 118
30 69
75 5
72 92
109 79
61 7
101 31
97 93
101 125
54 76
56 22
20 55
99 31
85 13
65 89
109 102
102 49
8 109
67 64
83 2
21 41
124 67
41 67
46 118
108 81
81 8
69 128
89 36
56 86
61 92
31 28
39 62
4 99
8 59
47 59
15 47
35 6
-5 99
55 17
27 72
55 3
53 23
46 49
-11 100
44 41
40 84
