4787
24 68
81 107
271 20
121 41
293 182
262 4
291 197
131 129
241 313
230 76
49 74
34 240
321 270
50 231
195 115
184 103
60 88
43 156
244 4
291 161
300 306
141 209
212 44
106 107
60 116
195 317
17 45
172 254
167 181
133 128
134 282
309 188
176 93
209 211
71 93
146 36
29 247
172 85
294 306
152 305
240 55
133 53
15 129
195 353
143 54
325 284
153 215
273 213
146 305
72 86
183 136
305 315
121 59
57 223
149 36
52 271
61 222
240 116
44 149
72 98
140 305
265 100
305 318
176 269
154 170
183 255
45 211
175 248
324 324
255 195
227 279
282 288
39 105
179 193
195 79
192 209
113 332
21 147
85 59
124 137
240 131
68 90
187 212
166 169
201 161
113 193
115 110
214 212
278 294
70 10
300 161
203 31
38 245
91 116
169 230
279 183
63 229
26 238
301 125
112 10
299 86
252 245
31 135
197 193
318 161
293 136
158 310
297 202
92 297
112 34
172 91
45 217
196 206
80 112
45 132
260 144
218 246
262 297
320 148
19 263
339 252
230 85
225 236
244 182
182 52
92 21
90 162
100 28
324 264
77 213
189 311
146 241
173 251
175 254
280 29
149 66
322 104
10 237
170 196
284 182
316 104
16 156
40 68
55 68
287 56
81 174
76 63
288 294
151 173
205 289
130 156
59 233
256 149
41 225
293 71
294 137
13 114
200 38
122 165
218 44
106 95
221 217
184 187
43 68
18 62
79 281
71 65
48 205
145 284
72 159
279 303
62 56
302 182
234 149
306 297
29 280
18 116
288 270
305 182
62 139
17 168
60 19
272 155
75 232
88 101
140 323
66 122
23 144
287 65
185 299
25 222
231 28
298 311
146 282
153 139
256 1
172 94
48 254
34 150
199 100
43 30
233 296
39 111
166 268
185 31
34 162
92 9
103 23
261 157
194 38
53 93
311 71
246 137
106 101
207 10
148 68
96 74
119 168
61 84
153 203
178 194
66 32
80 -3
21 119
268 100
241 304
36 260
24 74
256 13
144 124
241 259
286 118
51 211
169 200
330 252
270 113
70 112
39 19
166 76
157 159
47 87
127 53
183 341
225 311
194 31
193 172
189 347
54 147
12 62
39 46
145 207
113 211
223 289
158 313
39 211
198 264
182 75
143 238
219 179
149 30
33 223
204 224
53 132
217 303
38 114
200 238
145 53
149 211
196 212
103 183
230 49
223 295
162 246
286 95
12 153
185 331
47 111
152 220
47 254
63 144
44 236
183 124
130 80
169 203
136 170
91 53
221 44
296 47
108 62
28 254
235 185
282 111
113 174
213 28
20 60
171 255
75 13
116 183
207 28
185 61
151 203
234 122
178 319
131 244
66 224
233 217
119 174
208 301
25 258
16 57
145 179
221 53
130 68
43 254
276 119
109 171
26 111
140 283
258 222
63 193
94 98
172 181
127 10
289 56
118 107
63 260
28 260
160 221
88 247
36 278
258 216
63 53
29 138
35 244
120 149
20 48
270 222
302 53
63 85
40 153
89 47
178 206
52 222
160 262
153 115
97 28
249 225
61 298
205 194
145 218
63 82
233 59
175 185
248 137
184 83
262 47
261 201
103 171
173 177
207 293
37 150
188 166
221 85
215 77
7 276
308 62
289 38
124 10
131 288
33 217
235 170
297 297
50 30
187 232
230 150
60 92
277 95
110 177
213 185
47 99
12 47
226 294
125 162
315 264
336 342
49 257
242 162
109 22
37 245
18 50
53 158
181 160
275 191
339 342
22 225
137 174
63 37
108 98
249 110
40 63
158 156
116 229
240 125
282 161
176 174
106 104
187 250
82 112
232 182
66 62
261 158
140 156
191 233
154 262
68 260
157 259
28 141
148 268
17 286
194 286
81 162
88 16
250 7
29 144
262 100
212 246
109 134
43 263
18 134
68 225
171 151
35 280
88 34
302 164
239 76
129 140
62 15
121 149
227 165
84 186
46 80
51 29
51 47
0 32
142 203
146 291
176 102
149 165
288 297
261 48
254 137
285 162
86 278
115 22
155 238
85 27
54 141
223 286
315 254
172 198
63 64
21 17
43 150
60 25
42 38
244 173
66 221
276 155
166 107
286 110
89 157
109 110
244 56
143 42
188 32
190 89
213 173
178 101
208 283
83 87
29 236
106 56
326 160
60 227
153 127
155 48
246 204
305 89
297 122
194 254
85 54
60 82
15 135
59 239
155 30
296 312
253 143
204 19
69 238
231 122
292 101
102 115
176 325
18 65
308 86
258 204
96 174
197 287
311 65
195 70
264 99
252 209
57 229
45 22
88 290
268 1
244 16
140 229
310 92
230 17
21 26
37 178
155 244
99 107
125 186
139 89
155 42
77 275
11 156
197 295
193 292
17 304
43 62
243 110
189 255
191 193
196 301
54 199
326 151
322 92
32 250
181 172
27 260
257 146
52 86
63 150
197 292
53 105
35 241
235 300
161 211
123 221
92 291
212 258
63 122
-15 62
284 194
279 297
23 168
107 332
209 244
197 175
251 92
225 167
271 100
309 152
149 232
21 150
187 184
215 208
284 173
20 36
225 272
182 168
122 211
89 148
112 162
187 259
104 211
221 273
218 20
141 221
48 32
183 191
197 202
142 194
148 176
9 314
66 31
271 306
72 104
291 170
230 31
47 15
145 171
253 82
269 155
13 48
279 285
166 125
68 213
113 180
314 151
182 58
126 80
219 163
18 122
185 337
188 275
45 269
223 200
5 162
116 341
103 177
185 340
177 255
211 292
65 81
151 265
42 16
197 298
72 44
264 143
294 252
149 48
39 232
194 84
143 247
179 211
232 286
281 129
244 176
36 156
69 47
73 178
57 153
179 86
127 35
178 95
7 263
91 241
63 25
329 148
324 246
77 81
179 52
125 117
153 121
203 67
296 148
70 124
160 266
249 224
163 259
146 42
21 113
246 45
121 140
108 49
124 146
83 164
80 121
253 149
4 252
166 215
102 133
157 265
283 12
100 125
255 152
161 193
10 260
239 31
121 242
200 298
182 299
205 209
60 236
246 154
310 98
276 87
151 259
277 12
169 124
235 173
121 177
66 116
172 89
11 180
314 336
244 185
30 77
205 203
201 255
26 87
171 157
30 62
180 203
131 291
31 251
222 61
33 153
68 248
260 32
185 298
109 107
284 53
227 293
40 150
78 19
148 74
190 77
60 26
213 311
19 251
22 261
179 220
41 33
202 283
53 245
111 140
134 291
94 112
303 263
221 261
28 108
109 101
285 146
41 21
54 135
184 107
15 131
18 128
34 102
46 254
70 106
315 281
50 207
251 135
191 269
212 76
179 293
48 79
92 279
188 43
244 82
224 264
48 14
201 335
104 272
212 269
115 10
66 223
287 38
77 23
40 62
70 136
186 206
11 174
43 222
142 74
63 104
266 146
302 157
149 285
293 167
241 185
137 314
193 82
180 221
119 297
95 275
72 253
69 104
84 68
314 154
164 111
282 179
268 16
18 68
71 148
178 175
131 238
123 58
315 315
10 108
70 281
240 117
106 34
243 254
17 150
161 171
242 59
88 28
46 187
63 168
117 52
31 141
152 54
348 270
290 173
207 115
40 96
53 108
187 200
45 251
23 156
180 264
194 85
206 86
239 74
164 75
260 126
311 149
327 333
252 141
218 293
148 86
244 294
54 239
293 142
113 232
54 248
35 39
257 98
175 160
330 270
185 263
309 281
12 144
207 173
192 264
223 203
231 167
153 237
300 245
97 34
143 282
120 158
40 21
163 266
227 17
45 242
35 96
135 71
224 248
36 287
39 223
300 129
131 223
45 147
155 299
106 22
3 53
294 135
300 254
307 113
161 238
199 76
285 303
153 209
226 300
179 205
187 106
158 229
72 91
203 290
279 140
159 237
34 301
70 22
326 163
105 233
229 179
205 283
297 208
5 198
120 49
151 201
26 99
112 16
59 225
94 210
110 285
59 227
72 31
239 67
306 272
329 136
244 306
37 263
24 147
228 172
5 180
22 114
264 204
291 90
196 232
187 118
194 75
178 254
104 302
239 40
184 95
167 287
134 305
25 48
204 37
187 310
183 179
128 282
186 224
54 235
252 137
282 81
66 144
218 17
301 107
189 173
285 110
326 148
114 52
127 41
224 287
38 253
52 231
238 185
5 168
143 153
312 315
251 50
9 305
176 129
103 104
118 125
77 225
200 289
188 292
85 40
94 110
27 123
44 108
214 200
21 125
15 138
100 113
200 281
203 295
270 195
215 255
253 303
129 176
157 272
268 13
292 92
28 210
192 227
67 281
61 204
149 305
241 179
237 110
182 281
249 134
134 235
264 213
232 283
271 29
60 229
147 197
67 18
219 230
262 140
136 162
160 113
206 8
39 41
25 135
128 171
130 140
59 245
40 168
130 144
176 61
109 41
206 289
273 138
290 50
131 211
50 32
272 138
54 32
176 328
256 140
15 126
302 154
35 102
222 55
297 150
206 26
75 25
198 230
127 153
60 38
101 285
169 106
300 197
1 48
185 328
240 137
170 275
69 65
54 79
319 89
276 162
240 155
140 199
45 49
52 307
34 222
49 86
176 287
166 319
315 245
134 126
68 96
35 156
60 150
64 163
313 95
25 231
148 80
328 98
84 86
22 216
6 50
218 264
63 217
73 160
221 31
110 341
188 175
187 166
22 168
56 137
249 113
10 266
243 175
229 173
140 171
166 194
316 86
178 88
184 100
183 10
94 136
66 233
113 205
103 34
35 253
72 122
189 191
72 25
176 190
127 161
152 36
30 17
128 235
215 226
302 166
205 212
311 166
128 165
345 258
235 294
261 114
8 48
15 119
60 144
190 319
179 58
213 10
329 160
302 86
311 59
128 297
35 51
47 39
40 144
31 263
40 50
7 269
184 163
32 241
181 178
292 134
182 84
182 298
234 131
82 241
222 107
212 226
212 31
223 271
49 96
142 182
215 44
206 230
130 131
70 295
227 199
65 182
239 290
62 20
223 283
46 169
198 203
86 219
32 24
119 232
82 89
29 292
24 65
168 228
282 125
22 63
325 302
267 187
94 36
154 268
191 229
104 290
152 235
294 297
144 106
175 166
81 89
39 26
212 299
293 80
52 263
258 186
315 306
207 305
100 22
45 35
50 108
282 152
22 243
154 274
94 68
51 205
97 47
219 167
224 50
166 168
39 147
201 191
299 77
117 107
293 173
30 156
159 197
28 174
82 124
194 102
305 83
256 10
184 186
266 155
69 88
93 176
223 194
102 86
61 177
293 185
289 293
52 80
16 168
100 34
93 167
262 20
188 248
214 206
269 146
239 58
280 -9
258 180
189 273
200 292
77 263
267 186
21 120
88 106
307 98
63 138
81 168
270 149
190 95
320 157
271 18
309 245
308 151
149 282
49 251
158 301
186 264
222 37
283 24
200 202
180 239
54 144
130 74
181 184
296 163
95 287
178 100
303 128
212 49
103 36
38 247
143 36
232 265
37 56
242 50
6 41
143 174
80 149
270 57
312 263
234 125
224 252
197 157
303 306
92 294
61 301
55 90
108 109
66 92
80 84
56 78
46 260
173 287
166 266
309 138
288 141
167 322
125 168
162 142
169 118
64 265
231 61
297 315
309 315
221 159
215 257
131 232
30 26
45 199
28 219
158 174
41 213
176 322
112 18
250 16
47 245
103 98
63 211
242 41
309 184
121 10
136 125
194 49
231 88
148 233
174 218
206 68
72 62
284 176
55 196
287 164
233 71
293 53
31 96
209 293
7 249
245 89
249 126
164 168
45 40
176 120
212 26
28 132
126 55
161 247
85 104
46 175
61 295
180 246
265 143
131 226
235 176
79 292
139 224
254 156
50 219
293 154
257 92
32 125
291 188
27 131
225 323
97 98
52 68
190 107
41 231
178 169
232 295
68 -3
190 115
43 204
253 91
97 104
227 217
191 289
146 297
207 167
205 292
264 222
179 67
195 97
127 116
283 107
241 73
191 292
219 46
188 293
84 204
185 334
42 211
131 294
133 71
275 155
309 170
75 31
50 90
201 118
34 266
172 169
130 56
128 114
82 10
170 293
250 10
62 102
77 269
58 63
230 58
59 254
306 246
300 179
213 335
166 95
97 92
54 20
45 260
22 266
191 293
244 47
26 218
-8 57
170 220
302 160
180 248
70 301
197 286
35 236
78 13
160 274
130 150
289 47
152 214
34 138
116 126
28 246
199 94
100 235
357 270
104 278
259 143
246 116
195 112
28 168
76 253
180 212
183 185
230 44
84 159
145 47
297 84
137 291
41 262
215 267
31 138
22 252
256 146
277 18
148 278
325 311
342 264
35 247
240 198
52 84
53 75
46 62
324 333
112 186
25 84
133 173
86 266
17 180
271 294
103 201
103 77
182 102
296 74
201 323
141 227
39 159
81 226
181 154
252 131
139 65
133 35
113 217
320 163
23 227
227 261
166 113
49 45
244 38
293 44
137 299
30 35
34 254
251 41
9 278
39 102
206 232
67 63
330 342
289 311
203 49
189 133
139 149
60 85
128 294
110 229
51 193
123 215
320 160
277 -6
284 44
71 150
92 285
181 112
314 327
50 114
38 96
121 95
251 89
218 270
124 110
213 260
119 186
178 91
204 215
244 170
125 174
21 126
268 7
67 36
258 178
213 61
236 302
29 156
178 163
224 214
148 269
302 62
327 258
133 47
76 124
48 19
129 203
273 134
12 59
243 116
1 269
127 143
60 7
182 220
27 278
213 323
243 122
76 136
62 3
80 9
300 227
244 303
0 44
51 79
33 211
22 162
62 148
320 140
76 95
34 298
161 223
79 304
64 16
87 112
139 47
66 44
101 291
139 177
76 10
27 296
64 272
136 50
285 291
203 299
245 83
187 88
207 106
195 179
312 227
50 102
7 258
259 146
122 241
45 278
204 107
131 297
262 16
136 98
177 10
221 267
227 235
324 315
36 269
45 226
45 223
143 211
65 105
66 110
206 77
189 179
44 111
306 227
24 110
86 3
246 134
207 341
60 50
12 53
57 85
224 26
136 86
23 152
269 32
63 13
62 112
21 214
188 102
135 233
315 324
274 -3
240 122
294 101
55 271
22 39
43 80
75 88
17 310
279 102
318 197
108 116
16 39
302 158
134 177
70 259
135 215
10 228
68 266
217 294
65 69
109 16
93 106
75 37
194 129
42 34
82 44
239 159
35 120
256 82
152 162
202 301
129 221
21 131
188 84
63 116
120 55
16 266
237 181
266 114
26 131
232 167
206 59
261 186
26 241
97 95
308 56
231 151
288 75
143 296
290 77
38 250
149 54
333 264
333 324
125 135
319 107
131 332
128 288
122 199
133 59
90 109
279 104
218 26
203 217
54 233
196 175
188 193
194 289
233 153
183 127
200 260
252 148
163 136
35 27
170 238
198 176
283 6
34 295
104 193
100 62
255 213
117 125
137 141
52 195
51 7
176 111
253 155
158 208
307 293
112 22
185 52
53 47
161 293
310 101
157 278
96 183
58 263
70 56
45 159
143 30
121 29
237 134
43 298
69 19
154 216
309 236
47 128
194 67
197 239
91 34
176 58
94 28
5 186
23 39
124 119
264 186
336 258
10 246
295 104
263 129
139 41
204 79
152 66
233 226
206 38
69 25
219 317
53 120
146 299
162 136
234 57
192 218
273 177
1 108
166 79
29 150
290 41
224 77
15 144
37 147
11 292
54 278
279 175
71 156
58 27
169 178
73 259
223 209
277 119
96 147
296 173
110 297
3 62
205 271
175 100
57 88
33 199
227 26
86 254
45 153
167 269
264 172
249 119
50 245
112 104
54 156
253 297
224 162
52 56
0 38
160 119
85 86
213 119
121 23
296 318
129 227
119 294
309 258
86 -9
25 30
303 252
231 101
136 152
278 297
256 4
64 271
235 73
38 256
39 153
233 235
67 54
253 294
302 163
63 162
35 132
160 101
56 254
112 27
287 306
149 292
170 75
302 148
15 137
72 50
81 180
298 293
319 101
91 80
47 27
158 217
231 206
137 168
206 14
85 23
179 202
112 98
94 204
131 162
121 18
201 248
221 226
152 256
233 68
10 255
46 199
63 98
16 174
162 148
194 40
15 153
205 206
169 166
221 255
284 170
104 341
252 75
320 136
71 126
218 220
237 119
196 203
27 120
160 272
172 175
64 10
255 120
207 109
66 38
71 99
69 116
139 53
156 228
167 217
164 281
241 182
72 189
209 243
280 9
85 18
66 56
189 121
199 172
53 138
77 59
232 259
237 213
73 142
198 221
63 199
80 157
333 246
236 293
24 150
35 286
283 18
62 147
230 35
184 77
68 161
83 53
205 277
213 70
64 181
237 72
207 185
298 122
37 30
164 102
252 184
166 262
103 27
135 197
282 170
21 129
276 153
72 153
125 226
191 302
240 113
110 279
133 77
173 281
283 109
308 157
154 227
118 10
209 255
70 298
189 335
109 98
137 297
193 178
140 289
170 129
36 123
167 281
23 51
152 293
80 135
195 28
304 104
50 254
55 86
80 139
309 196
140 60
179 169
195 255
261 195
239 177
302 152
53 11
180 166
246 55
312 272
152 211
259 140
16 150
223 259
51 16
187 203
299 182
231 125
90 80
50 213
207 317
209 251
115 155
16 222
121 16
293 148
16 258
112 95
326 157
258 99
58 45
232 277
221 56
90 171
224 2
305 324
160 125
117 55
212 240
105 227
180 148
188 284
280 3
40 174
182 32
18 269
151 53
18 140
296 315
48 245
59 219
161 220
52 298
283 0
261 84
274 9
41 236
102 140
66 91
70 272
76 54
44 36
235 306
236 2
108 80
256 152
80 165
219 161
18 144
197 275
181 124
135 227
80 141
112 101
146 150
248 290
291 190
215 249
137 232
215 244
190 106
200 286
221 199
228 119
200 224
185 55
112 174
96 92
0 35
82 22
52 292
209 302
44 102
125 314
34 174
26 235
98 130
94 40
95 293
214 277
155 54
29 227
88 22
303 190
212 290
234 166
155 60
51 34
144 118
234 55
245 80
149 295
212 20
170 229
307 95
60 98
226 297
45 150
276 312
149 193
155 296
239 85
262 137
235 167
28 138
85 36
67 265
187 194
80 38
21 141
257 137
224 68
275 197
188 26
72 218
167 316
192 246
106 113
111 49
37 80
292 98
43 147
94 16
325 293
140 36
44 99
178 239
201 121
243 218
31 54
41 280
131 193
220 283
34 213
261 193
51 82
122 177
249 125
282 282
27 305
17 174
58 272
54 269
201 112
246 110
22 174
173 211
25 240
94 130
285 279
300 170
61 263
312 270
47 17
213 224
120 140
35 274
246 122
75 7
176 84
72 92
115 53
296 157
86 260
82 34
184 113
95 281
318 170
228 63
63 88
136 198
57 217
131 186
271 300
16 240
37 202
224 20
215 205
142 197
145 83
-15 53
264 93
145 161
27 117
124 221
75 106
291 143
57 211
59 207
175 130
201 273
172 260
143 256
223 197
66 98
59 87
64 259
48 251
69 76
29 105
43 292
108 134
231 161
190 100
137 244
18 53
249 60
38 155
76 22
112 233
18 59
253 56
285 273
181 310
128 291
199 106
160 182
263 146
181 94
267 204
94 45
140 30
37 190
299 50
300 186
114 49
90 116
91 29
60 91
261 213
28 150
154 256
39 217
86 284
243 139
97 107
175 184
145 254
58 271
190 301
215 296
78 183
187 178
178 113
155 281
184 169
200 20
26 232
115 35
221 58
267 144
109 104
209 235
215 261
214 259
113 223
291 116
113 229
215 217
36 150
34 245
190 169
188 211
278 164
139 83
134 288
214 203
145 95
131 147
187 206
231 207
127 29
162 228
140 193
215 86
291 156
265 140
74 44
188 58
333 315
174 254
267 78
76 27
203 85
176 226
237 116
303 208
190 175
135 203
244 179
24 59
213 167
239 49
155 269
255 163
280 98
186 79
118 227
251 32
93 158
231 107
316 320
278 126
212 67
122 217
35 245
60 245
222 101
274 92
21 144
227 244
48 239
117 233
310 80
10 39
79 247
66 104
184 94
127 89
120 52
140 294
106 110
56 26
43 50
255 54
201 311
171 133
233 208
33 229
88 83
72 233
166 131
91 98
218 276
111 167
228 37
311 83
78 201
33 111
308 163
243 137
158 307
54 76
193 100
37 208
284 71
279 66
226 283
142 206
82 118
146 48
276 282
169 194
9 287
82 28
158 205
76 28
17 156
296 154
229 185
50 143
325 95
178 119
188 75
57 76
169 266
157 266
11 218
158 223
209 267
62 117
117 227
204 170
284 188
122 323
27 125
111 227
72 147
105 112
153 197
223 206
88 74
41 170
25 257
280 20
309 263
296 160
131 199
193 106
244 297
145 71
298 302
241 167
120 61
31 30
24 122
25 213
32 48
297 184
50 179
113 129
87 94
130 62
30 74
148 92
175 178
245 147
142 164
312 252
104 229
130 215
286 104
84 97
152 247
78 7
253 146
206 32
291 179
23 174
70 16
63 251
190 112
180 142
148 284
60 104
206 296
144 136
212 53
227 53
170 102
194 111
26 93
93 140
184 157
288 246
140 217
94 118
56 96
221 59
140 235
44 117
34 260
291 297
4 261
55 184
288 131
128 183
61 307
39 108
262 91
7 231
103 189
86 225
17 292
104 223
287 74
25 249
66 7
136 209
287 47
153 89
104 296
89 121
318 152
267 108
192 191
262 143
103 113
292 116
29 238
253 306
76 16
237 128
48 46
27 208
12 50
152 144
300 263
44 254
94 192
49 263
270 227
40 260
90 153
135 61
218 14
186 19
34 204
119 226
39 55
314 333
42 52
74 -9
174 200
72 230
81 71
253 29
126 134
209 226
232 170
196 268
207 273
64 169
178 192
305 77
171 191
86 15
216 19
166 274
28 266
28 144
238 179
104 217
147 209
190 181
115 65
242 2
170 211
303 315
54 251
311 161
63 233
11 51
110 294
271 0
262 300
7 267
62 90
112 113
135 89
299 68
271 30
285 196
82 136
271 109
240 61
33 120
34 249
35 111
27 269
10 273
240 107
54 245
152 42
181 166
86 213
92 -3
25 251
61 213
115 47
195 173
55 62
282 143
54 26
170 184
7 102
57 199
61 195
180 230
307 311
49 62
9 323
94 124
51 25
158 305
30 223
183 317
102 158
289 302
287 297
125 180
214 271
43 86
200 32
214 209
157 195
29 235
269 117
194 93
291 208
163 260
37 196
95 263
260 137
273 72
140 282
243 119
166 85
288 300
221 299
243 134
6 47
213 79
271 6
82 106
241 271
140 211
293 161
157 253
98 157
330 333
101 282
73 154
329 142
224 296
54 236
300 281
182 129
315 272
246 239
251 95
90 91
151 165
32 219
221 208
194 295
296 151
73 98
184 248
142 86
27 132
305 59
84 168
119 288
53 111
40 162
276 117
233 171
228 257
52 204
92 288
52 254
142 284
180 194
187 223
150 228
244 7
157 185
79 253
94 107
304 92
160 197
43 213
36 296
28 228
320 154
282 306
26 244
64 151
204 101
24 153
233 77
56 108
215 199
137 226
45 205
166 82
264 129
181 254
48 76
27 102
122 294
207 191
221 235
300 152
174 227
261 204
157 277
267 207
203 58
66 230
85 241
192 200
303 184
164 129
23 292
225 119
129 55
160 137
185 199
198 185
320 152
76 36
63 244
125 192
189 323
163 179
12 141
235 182
25 263
35 168
14 143
49 254
181 248
315 236
135 209
80 21
98 139
44 38
22 260
48 257
185 85
112 86
0 50
136 62
19 108
132 58
315 263
230 40
76 45
115 16
306 236
221 290
60 67
217 297
201 115
263 147
134 294
77 245
49 56
21 35
44 135
144 228
31 269
176 331
95 269
94 241
103 122
273 108
270 186
27 114
27 126
149 199
163 142
191 281
177 237
82 16
249 137
96 165
241 277
131 305
303 245
43 159
261 222
22 234
280 -3
303 254
240 197
186 88
142 62
137 123
288 288
61 292
143 291
69 110
64 175
115 165
318 188
11 162
79 295
298 284
178 187
176 75
148 262
163 112
221 279
100 101
142 156
22 96
128 285
32 207
66 50
17 57
152 202
303 236
162 130
96 192
103 18
34 147
127 59
154 272
183 139
76 290
78 56
205 265
306 264
262 10
144 112
212 236
172 113
112 110
269 135
25 269
172 82
296 306
56 9
273 102
170 162
155 141
207 161
122 120
66 25
289 284
53 21
102 149
184 175
30 44
284 164
119 291
242 144
45 126
294 180
166 251
315 246
276 306
196 200
188 49
261 122
51 147
258 195
196 197
100 95
197 187
209 237
195 329
192 236
246 161
320 134
163 189
148 62
152 30
73 166
268 10
99 100
172 163
230 168
13 263
194 290
45 193
285 208
214 197
13 257
131 168
314 157
240 101
165 203
39 37
94 104
70 304
214 289
25 132
309 190
155 66
55 80
94 235
307 320
175 177
295 101
12 35
130 168
185 46
275 123
235 297
32 225
43 240
123 52
118 144
111 221
27 159
157 271
213 125
190 163
148 150
14 42
185 67
172 125
5 174
301 89
293 160
41 45
32 236
175 260
90 98
38 236
235 179
207 112
46 86
74 90
37 251
157 242
274 27
110 282
24 141
315 227
140 138
190 103
227 226
93 124
141 197
248 150
119 238
134 171
63 110
313 104
228 136
222 215
221 26
22 150
302 80
4 279
80 130
113 199
182 302
60 31
287 173
197 166
143 220
249 46
96 121
158 287
28 255
8 218
171 329
109 47
241 170
149 217
183 130
182 242
178 181
184 109
195 88
197 77
287 300
54 82
285 184
149 60
115 101
206 287
250 82
276 288
30 68
109 29
29 298
287 303
184 181
164 120
296 309
309 272
213 107
278 288
274 21
88 40
144 80
282 294
258 135
209 289
192 182
237 125
268 4
72 207
311 155
241 176
311 53
197 68
204 206
57 17
19 48
289 320
246 125
280 21
24 144
255 230
252 105
108 127
26 236
137 238
231 128
282 168
16 254
136 74
190 83
160 257
188 111
283 118
60 37
37 90
133 183
299 83
72 221
203 286
103 35
260 146
66 236
253 47
103 22
229 182
172 319
201 173
221 65
38 119
98 341
60 56
131 285
72 165
37 108
55 263
119 123
256 16
46 90
76 112
179 55
215 68
3 44
6 38
41 268
259 137
300 188
178 89
218 2
11 168
205 268
11 304
316 98
33 202
181 118
33 159
70 100
276 300
52 50
159 209
55 166
88 38
97 23
213 161
166 204
238 182
223 268
43 245
280 38
107 226
76 18
241 286
128 241
188 46
302 92
171 237
71 130
170 93
149 314
318 143
17 218
213 97
117 49
48 150
247 82
63 223
232 271
228 55
188 295
162 98
151 200
175 310
218 8
35 140
29 244
40 147
81 186
227 273
262 294
104 199
218 35
57 147
197 184
117 143
118 152
212 286
42 144
117 89
187 160
37 144
91 40
179 241
35 227
103 95
242 287
153 145
123 49
160 194
177 88
275 185
246 111
18 150
213 273
60 110
99 125
203 40
143 229
199 88
69 98
43 153
57 59
265 131
29 168
204 131
98 148
54 260
21 132
54 44
227 68
151 248
46 68
94 113
40 156
299 65
61 271
135 125
97 29
100 162
240 79
74 27
88 10
217 306
88 124
143 232
53 117
234 263
55 74
204 233
194 20
221 76
291 152
97 110
224 59
177 335
222 79
31 257
88 100
21 153
238 173
80 171
12 56
42 156
214 268
233 74
280 15
189 10
23 286
203 76
176 305
179 61
23 280
18 147
66 13
62 121
21 137
351 264
188 77
129 233
180 160
112 180
54 129
276 294
72 19
240 134
246 131
63 19
18 56
145 65
126 52
23 63
239 141
311 148
278 155
261 236
140 288
224 258
82 247
69 86
164 84
71 157
19 269
215 17
224 276
109 95
326 154
282 147
26 42
110 288
184 233
178 200
283 -6
102 176
54 159
221 244
32 231
28 135
193 166
204 97
227 65
236 156
50 18
12 26
237 46
51 159
270 213
11 186
168 97
164 299
72 227
209 208
200 302
29 45
35 108
62 84
194 269
116 177
218 242
302 71
89 130
116 323
311 136
129 158
302 142
49 80
52 21
55 178
146 229
40 80
339 270
236 174
169 197
288 306
231 242
224 44
171 197
130 162
192 19
212 270
70 118
306 324
312 324
155 193
262 56
69 94
41 117
185 76
115 128
157 206
48 44
63 147
79 301
270 192
87 83
204 113
14 54
252 39
163 124
48 17
85 290
201 167
204 197
172 119
149 298
222 70
170 193
204 188
103 107
201 10
178 103
45 120
270 159
256 143
205 197
141 203
149 42
171 163
151 284
91 23
129 215
11 298
88 118
16 162
62 157
177 191
313 83
164 93
100 98
111 52
103 195
117 118
15 143
225 173
121 35
248 168
44 24
185 269
251 86
60 242
307 284
214 250
34 144
258 55
42 25
314 330
167 183
308 74
169 130
158 199
285 309
32 36
7 240
94 198
94 32
226 303
131 174
231 113
145 89
78 85
234 130
253 20
251 137
275 203
244 73
293 62
213 131
69 31
212 85
195 242
233 244
13 96
94 100
230 299
44 245
54 38
139 284
41 286
100 89
170 120
100 110
143 135
199 310
296 83
94 18
63 7
94 34
43 74
129 149
193 88
139 141
66 19
181 106
50 225
291 184
61 272
194 298
221 67
39 229
178 97
148 197
59 231
4 114
111 149
18 305
300 272
249 146
31 114
78 210
303 272
18 296
201 109
10 264
32 108
63 208
39 196
49 50
82 100
227 62
57 250
222 251
66 86
112 150
30 65
151 278
228 125
161 187
197 289
188 120
19 90
122 205
116 235
158 193
55 56
146 132
66 85
135 221
175 124
243 219
198 19
309 143
73 253
81 100
134 183
184 89
145 278
118 80
144 130
200 26
23 162
308 154
210 264
54 85
-6 62
241 295
118 180
167 319
167 313
140 205
37 269
276 198
68 236
151 59
137 279
258 69
248 132
77 207
178 248
176 38
48 241
199 292
44 129
54 153
99 118
43 251
153 107
154 278
169 191
267 195
243 66
99 71
131 180
134 323
90 198
100 104
134 165
210 239
137 285
13 269
289 98
221 17
262 29
224 17
112 50
162 154
130 180
167 296
219 173
170 111
271 297
184 106
238 176
232 304
239 299
225 157
101 279
182 55
122 193
196 194
39 205
86 231
44 12
51 229
303 227
316 293
288 282
34 21
309 202
88 235
290 68
160 174
74 78
218 258
178 107
244 300
282 204
44 123
179 171
243 140
311 160
284 62
106 98
249 122
45 13
276 318
277 30
204 119
282 312
303 196
70 307
303 281
140 292
308 80
159 203
67 45
9 296
29 57
40 56
188 93
88 136
62 167
237 248
15 150
261 150
72 68
222 97
68 84
166 175
153 133
166 119
151 206
284 35
270 123
67 259
318 324
57 193
146 285
207 254
197 223
61 304
255 204
35 268
32 161
78 74
305 321
34 231
105 83
313 101
333 351
186 246
298 104
51 223
234 227
216 245
306 263
33 205
66 88
40 86
245 86
235 303
76 259
303 144
73 281
148 186
72 180
136 80
282 197
55 190
154 188
222 113
117 71
300 258
120 167
295 119
66 79
215 243
149 205
231 119
195 127
49 63
128 189
179 175
42 150
78 25
231 317
249 189
195 10
231 79
306 315
121 153
98 15
255 186
299 71
23 180
206 286
302 176
69 122
289 118
275 141
229 170
179 275
213 46
99 233
66 97
297 288
79 298
259 149
311 77
271 56
176 319
172 188
51 76
97 113
88 130
152 282
29 241
37 62
206 292
312 236
212 58
36 251
24 116
109 113
205 259
142 200
93 77
162 124
178 94
221 62
158 304
22 156
146 235
205 250
309 254
27 107
37 257
160 200
94 27
34 304
149 229
199 82
134 297
223 265
80 148
160 280
46 205
221 35
177 323
45 31
75 77
169 206
36 141
16 231
214 265
41 274
52 295
96 156
109 28
56 24
251 153
37 50
206 266
54 50
53 126
151 271
267 213
121 183
291 202
196 259
143 66
84 177
103 41
63 31
306 281
243 46
246 128
68 207
146 66
188 250
94 180
45 190
111 176
122 235
279 132
127 47
128 177
79 92
283 101
203 245
195 191
302 136
315 297
80 159
39 199
114 121
71 121
302 74
140 177
209 286
89 112
100 107
77 257
54 242
257 95
182 61
132 61
48 37
26 105
145 77
253 152
94 101
207 103
293 179
78 174
90 189
59 81
285 285
169 254
200 14
149 287
190 71
288 276
143 226
40 254
45 138
174 245
37 68
34 292
301 92
29 174
56 173
244 13
189 124
274 33
24 128
17 298
218 252
280 122
230 53
298 98
111 158
154 180
65 146
140 48
128 229
329 154
112 198
103 29
244 10
318 179
140 286
233 65
161 229
221 40
205 241
104 284
3 35
136 68
77 231
271 24
258 215
15 125
94 95
167 165
204 88
300 236
271 303
57 214
311 154
258 213
306 93
106 119
215 35
52 74
215 59
219 305
197 211
59 251
182 38
57 82
306 254
240 110
97 40
291 195
37 86
270 166
63 91
122 189
249 169
41 99
288 111
304 110
41 207
95 41
44 113
166 91
227 302
194 287
76 130
230 8
68 14
31 63
72 116
59 111
214 194
37 153
209 199
94 186
265 134
282 300
48 28
140 295
60 233
163 197
109 116
291 120
175 172
240 128
43 231
249 70
232 173
49 54
106 92
221 49
77 251
60 122
267 164
170 232
256 91
33 108
238 73
266 132
201 106
145 59
212 2
4 266
195 273
204 61
33 114
29 146
194 76
134 285
152 60
137 294
187 209
125 291
305 65
69 7
163 118
271 38
25 129
117 53
59 41
80 147
306 288
288 279
151 191
48 38
275 164
142 92
227 208
146 60
51 220
142 239
214 283
271 36
60 86
165 237
209 261
215 26
46 56
249 116
80 -15
55 160
264 221
182 93
119 279
227 44
45 287
38 244
201 299
267 171
166 260
299 89
244 167
72 217
237 212
249 61
161 244
321 333
262 1
272 120
193 112
46 181
210 154
205 200
130 50
12 147
213 113
97 83
166 176
182 184
76 106
71 139
280 118
118 16
284 132
169 136
253 38
43 102
16 260
86 32
167 310
262 134
93 149
152 229
160 107
121 47
306 113
219 273
264 63
133 155
54 73
66 239
142 80
101 297
329 166
53 254
239 77
143 265
190 109
144 98
-2 57
62 123
285 126
165 197
51 217
185 235
36 129
87 65
308 68
183 237
196 250
35 250
279 279
180 154
36 117
34 84
244 29
144 116
134 241
184 97
129 167
232 289
35 90
142 68
320 158
82 107
113 226
257 159
259 91
241 265
207 100
152 241
240 51
320 151
143 244
297 279
288 174
60 230
163 172
139 260
114 55
163 271
240 119
72 198
61 265
71 162
182 278
152 238
65 35
203 292
37 214
178 83
255 231
218 53
65 87
160 268
143 293
45 229
244 1
52 304
176 70
223 212
170 84
103 207
80 33
169 183
11 316
12 150
60 44
253 300
172 245
11 192
41 105
98 3
48 20
178 209
194 208
146 288
155 36
230 67
194 299
105 130
234 119
342 342
172 88
121 122
289 131
296 56
68 254
68 9
314 324
161 153
278 291
112 168
18 314
231 46
219 266
43 307
270 93
194 32
63 242
97 101
78 165
237 113
237 145
16 267
34 141
53 114
48 144
285 297
182 64
119 180
154 263
188 52
185 287
48 248
29 286
219 329
15 141
233 41
277 24
149 301
237 131
280 47
262 306
86 207
300 99
54 150
44 105
293 166
78 247
280 27
320 142
227 255
167 305
64 187
26 30
184 101
234 128
209 249
277 6
297 196
246 190
68 231
222 131
121 189
217 300
239 83
312 245
195 341
124 164
227 35
225 28
285 189
46 50
131 314
23 304
309 227
52 62
151 194
212 8
104 9
21 53
171 145
237 122
224 53
271 47
310 116
67 272
147 215
224 270
28 156
25 102
122 223
215 50
314 163
125 294
72 38
57 70
77 219
286 128
6 44
97 235
314 148
316 284
40 74
86 27
133 147
275 179
175 118
320 146
160 256
257 141
58 54
32 238
104 205
59 257
196 241
71 132
121 165
242 32
72 13
115 23
134 144
106 28
28 90
71 29
143 60
255 222
267 222
232 176
232 268
119 282
316 311
4 234
206 196
188 178
184 301
257 89
62 131
0 41
106 16
230 14
18 153
243 131
72 224
224 14
140 291
195 167
111 233
274 116
200 295
40 45
63 224
136 56
312 254
123 209
164 260
69 37
295 95
82 290
243 125
196 209
291 196
40 266
35 162
-24 62
86 272
62 153
76 247
123 61
231 131
148 98
176 64
60 13
209 217
70 265
66 68
240 160
49 36
18 141
130 132
74 15
250 4
21 44
146 279
173 299
265 137
300 143
255 90
186 97
279 309
169 172
176 272
140 66
282 188
78 103
299 95
274 109
238 170
109 71
24 134
214 286
207 179
251 287
183 329
163 130
128 132
40 245
224 8
204 264
142 192
173 175
309 208
28 237
321 324
187 172
76 118
265 91
149 147
115 29
246 81
122 229
198 212
188 202
139 71
130 44
57 79
196 169
23 298
166 88
163 265
58 36
185 295
187 94
186 233
243 132
178 203
163 277
164 202
90 180
182 49
78 192
177 185
133 230
19 30
163 272
254 138
201 179
143 48
126 116
189 118
178 197
41 245
128 323
127 189
63 92
116 171
236 8
283 92
58 10
274 100
168 246
184 319
85 247
28 21
240 233
102 167
44 84
66 37
16 102
71 75
133 41
11 310
246 119
33 117
51 43
149 223
118 143
39 28
174 246
311 167
303 202
68 21
74 155
177 97
163 236
149 238
72 110
222 142
140 223
127 134
84 241
195 305
31 147
146 54
124 174
49 68
28 39
185 58
170 266
232 179
130 174
306 245
188 55
160 203
35 292
246 113
53 144
194 120
69 13
158 211
179 257
53 122
59 27
72 177
4 57
59 5
158 241
5 192
42 43
290 59
212 35
229 167
173 159
76 281
320 166
78 31
161 202
197 296
224 41
131 205
262 13
94 22
62 130
28 162
36 217
123 55
64 157
17 227
69 92
305 71
98 112
151 197
245 293
318 258
195 118
229 176
228 221
73 172
6 53
133 83
194 26
285 190
302 170
66 227
46 21
63 205
212 14
225 46
250 13
198 194
280 56
35 29
25 141
62 254
289 20
277 0
51 153
37 74
16 249
124 74
57 205
213 101
279 291
58 265
20 218
143 288
68 72
136 245
20 137
257 123
45 76
169 260
84 195
75 59
212 32
245 77
139 59
160 210
137 180
62 129
181 190
222 125
17 186
71 87
124 138
170 202
119 285
172 97
63 269
106 156
258 137
111 124
47 164
69 91
125 297
197 86
302 68
308 148
285 96
234 37
103 101
262 38
262 303
213 299
96 103
289 29
315 333
175 112
79 290
309 179
48 156
232 185
289 113
231 70
233 287
141 215
189 185
82 253
45 144
126 61
17 162
182 111
71 112
176 55
296 182
26 81
251 83
206 275
309 197
18 287
201 28
122 341
48 50
166 101
294 105
94 216
76 100
243 113
121 159
39 193
117 215
311 142
172 268
183 133
125 232
160 131
233 199
142 56
89 139
140 241
227 71
66 259
71 176
60 79
24 56
241 289
126 62
189 130
82 130
240 37
33 193
129 61
188 214
55 172
88 112
30 71
271 12
89 158
32 244
72 215
264 195
76 50
31 144
72 171
63 86
188 38
27 108
125 332
324 342
43 295
123 233
131 217
143 314
18 278
305 327
260 41
181 100
29 162
146 30
38 30
188 220
78 37
216 148
240 70
81 156
112 131
203 269
321 252
169 265
187 100
59 188
151 212
27 113
228 122
74 3
60 239
230 290
123 227
119 332
48 26
297 306
174 209
262 146
127 236
224 282
135 107
212 252
172 107
24 71
297 190
43 304
29 33
267 128
84 115
234 123
281 164
157 59
4 243
34 307
120 58
43 257
4 270
72 216
43 56
97 35
174 236
32 247
98 121
237 161
312 281
53 33
215 287
191 295
65 93
85 45
52 301
302 151
200 293
309 161
187 112
316 302
117 221
224 35
266 150
246 203
325 320
193 94
244 20
195 121
217 292
130 104
15 132
115 41
129 58
112 192
59 213
194 292
258 61
283 -12
47 105
109 23
206 20
77 93
122 183
0 47
60 32
31 245
101 288
34 168
312 119
26 102
55 50
297 246
255 199
12 44
178 212
243 128
203 289
178 157
239 71
180 172
218 302
227 59
14 218
149 296
137 282
230 2
126 58
131 229
35 126
306 306
10 57
24 62
43 301
241 173
68 219
25 138
195 124
128 279
215 273
175 106
103 110
210 37
79 307
125 244
145 265
213 88
170 180
188 129
6 56
71 140
62 66
186 188
109 35
187 241
239 80
63 156
245 165
296 65
55 251
38 18
140 42
324 306
20 227
241 283
222 88
227 267
-6 53
143 285
46 74
230 26
179 229
204 179
146 294
212 17
93 95
194 244
242 296
122 138
190 101
247 73
82 40
285 202
-6 44
210 19
219 28
188 298
40 54
299 59
120 176
122 171
41 23
258 173
90 235
73 148
277 109
257 101
143 205
186 215
175 224
92 282
222 19
39 35
207 329
23 150
99 89
67 27
172 95
35 144
201 347
48 10
252 55
182 120
130 251
32 213
48 242
41 134
308 160
35 93
212 264
201 185
57 41
41 219
179 64
221 249
139 167
68 242
216 37
75 19
147 203
171 139
279 315
130 158
137 288
288 95
333 333
43 84
157 167
238 167
88 241
311 143
186 242
110 291
280 109
152 48
59 152
126 98
302 89
164 150
72 73
129 209
161 275
307 302
30 80
160 206
37 184
225 161
35 114
139 77
314 160
287 309
151 272
36 111
77 170
169 271
15 147
62 141
122 297
35 150
149 304
274 15
233 50
292 118
52 186
80 153
26 54
262 7
121 171
212 40
26 117
34 156
91 235
121 53
70 253
213 179
188 86
112 107
304 95
22 254
176 67
252 167
187 248
35 138
94 106
227 285
38 42
300 107
189 127
187 197
71 138
273 181
103 28
70 130
36 135
79 65
250 1
233 32
125 238
195 185
169 112
279 168
161 296
148 158
72 56
44 120
283 125
174 228
134 229
204 70
147 221
333 342
51 199
193 310
186 197
128 159
29 274
101 294
32 227
59 99
298 320
71 144
61 186
46 193
140 285
282 117
155 159
226 306
-5 114
81 82
70 292
225 122
39 114
256 7
191 298
27 287
215 53
278 300
194 58
140 54
27 119
34 39
204 125
26 227
37 141
301 101
62 135
185 49
185 40
215 235
39 17
179 184
19 257
270 204
149 244
249 128
21 123
7 48
172 101
222 119
23 218
43 195
52 213
282 276
133 65
274 3
72 37
68 50
188 296
117 58
188 184
252 210
72 7
223 277
