5
3
4
5
6
7
5
1 4 42
2 5 43
3 5 1
4 10 44
5 12 91

3
6
5
2
4
1 6 20
2 6 20
3 3 200
3 5 100

3 
1
1
2
3
1 2 12
2 1 14
3 2 25

100
75
75
75
75
75
75
75
75
75
75
75
75
75
75
75
75
75
75
75
75
75
75
75
75
75
75
75
75
75
75
75
75
75
75
75
75
75
75
75
75
75
75
75
75
75
75
75
75
75
75
75
75
75
75
75
75
75
75
75
75
75
75
75
75
75
75
75
75
75
75
75
75
75
75
75
75
75
75
75
75
75
75
75
75
75
75
75
75
75
75
75
75
75
75
75
75
75
75
37
37
100
1 75 50
2 75 50
3 75 50
4 75 50
5 75 50
6 75 50
7 75 50
8 75 50
9 75 50
10 75 50
11 75 50
12 75 50
13 75 50
14 75 50
15 75 50
16 75 50
17 75 50
18 75 50
19 75 50
20 75 50
21 75 50
22 75 50
23 75 50
24 75 50
25 75 50
26 75 50
27 75 50
28 75 50
29 75 50
30 75 50
31 75 50
32 75 50
33 75 50
34 75 50
35 75 50
36 75 50
37 75 50
38 75 50
39 75 50
40 75 50
41 75 50
42 75 50
43 75 50
44 75 50
45 75 50
46 75 50
47 75 50
48 75 50
49 75 50
50 75 50
51 75 50
52 75 50
53 75 50
54 75 50
55 75 50
56 75 50
57 75 50
58 75 50
59 75 50
60 75 50
61 75 50
62 75 50
63 75 50
64 75 50
65 75 50
66 75 50
67 75 50
68 75 50
69 75 50
70 75 50
71 75 50
72 75 50
73 75 50
74 75 50
75 75 50
76 75 50
77 75 50
78 75 50
79 75 50
80 75 50
81 75 50
82 75 50
83 75 50
84 75 50
85 75 50
86 75 50
87 75 50
88 75 50
89 75 50
90 75 50
91 75 50
92 75 50
93 75 50
94 75 50
95 75 50
96 75 50
97 75 50
98 75 50
99 37 500
100 75 500

100
1
1
1
1
1
1
1
1
1
1
1
1
1
1
1
1
1
1
1
1
1
1
1
1
1
1
1
1
1
1
1
1
1
1
1
1
1
1
1
1
1
1
1
1
1
1
1
1
1
1
1
1
1
1
1
1
1
1
1
1
1
1
1
1
1
1
1
1
1
1
1
1
1
1
1
1
1
1
1
1
1
1
1
1
1
1
1
1
1
1
1
1
1
1
1
1
1
1
1
1
100
1 100 20
2 100 20
3 100 20
4 100 20
5 100 20
6 100 20
7 100 20
8 100 20
9 100 20
10 100 20
11 100 20
12 100 20
13 100 20
14 100 20
15 100 20
16 100 20
17 100 20
18 100 20
19 100 20
20 100 20
21 100 20
22 100 20
23 100 20
24 100 20
25 100 20
26 100 20
27 100 20
28 100 20
29 100 20
30 100 20
31 100 20
32 100 20
33 100 20
34 100 20
35 100 20
36 100 20
37 100 20
38 100 20
39 100 20
40 100 20
41 100 20
42 100 20
43 100 20
44 100 20
45 100 20
46 100 20
47 100 20
48 100 20
49 100 20
50 100 20
51 100 20
52 100 20
53 100 20
54 100 20
55 100 20
56 100 20
57 100 20
58 100 20
59 100 20
60 100 20
61 100 20
62 100 20
63 100 20
64 100 20
65 100 20
66 100 20
67 100 20
68 100 20
69 100 20
70 100 20
71 100 20
72 100 20
73 100 20
74 100 20
75 100 20
76 100 20
77 100 20
78 100 20
79 100 20
80 100 20
81 100 20
82 100 20
83 100 20
84 100 20
85 100 20
86 100 20
87 100 20
88 100 20
89 100 20
90 100 20
91 100 20
92 100 20
93 100 20
94 100 20
95 100 20
96 100 20
97 100 20
98 100 20
99 100 20
100 100 20

100
1
1
1
1
1
1
1
1
1
1
1
1
1
1
1
1
1
1
1
1
1
1
1
1
1
1
1
1
1
1
1
1
1
1
1
1
1
1
1
1
1
1
1
1
1
1
1
1
1
1
1
1
1
1
1
1
1
1
1
1
1
1
1
1
1
1
1
1
1
1
1
1
1
1
1
1
1
1
1
90
1
1
1
1
1
1
1
1
1
1
1
1
1
1
1
1
1
1
1
1
100
1 100 2
2 100 2
3 100 2
4 100 2
5 100 2
6 100 2
7 100 2
8 100 2
9 100 2
10 100 2
11 100 2
12 100 2
13 100 2
14 100 2
15 100 2
16 100 2
17 100 2
18 100 2
19 100 2
20 100 2
21 100 2
22 100 2
23 100 2
24 100 2
25 100 2
26 100 2
27 100 2
28 100 2
29 100 2
30 100 2
31 100 2
32 100 2
33 100 2
34 100 2
35 100 2
36 100 2
37 100 2
38 100 2
39 100 2
40 100 2
41 100 2
42 100 2
43 100 2
44 100 2
45 100 2
46 100 2
47 100 2
48 100 2
49 100 2
50 100 2
51 100 2
52 100 2
53 100 2
54 100 2
55 100 2
56 100 2
57 100 2
58 100 2
59 100 2
60 100 2
61 100 2
62 100 2
63 100 2
64 100 2
65 100 2
66 100 2
67 100 2
68 100 2
69 100 2
70 100 2
71 100 2
72 100 2
73 100 2
74 100 2
75 100 2
76 100 2
77 100 2
78 100 2
79 100 2
80 100 200
81 100 3
82 100 3
83 100 3
84 100 3
85 100 3
86 100 3
87 100 3
88 100 3
89 100 3
90 100 3
91 100 3
92 100 3
93 100 3
94 100 3
95 100 3
96 100 3
97 100 3
98 100 3
99 100 3
100 100 3
