15
2 5
1 0 1 0 1
19 36
2 0 1 0 2 1 0 0 2 2 2 2 2 0 1 2 2 2 2 1 1 1 1 1 2 0 1 0 2 1 1 1 1 2 0 0
42 36
0 1 1 1 0 2 0 1 1 1 1 1 0 0 2 0 1 1 0 1 0 1 2 0 1 0 0 0 2 1 1 0 0 0 0 2
88 45
2 1 1 0 0 1 1 1 0 0 2 1 2 2 0 1 1 1 2 0 0 0 1 1 0 1 0 2 0 2 1 2 2 1 1 0 0 2 2 1 2 2 2 2 1
29 37
0 1 1 0 1 1 2 1 1 0 0 1 2 1 1 2 1 1 2 2 1 1 1 2 0 2 1 0 1 1 1 2 1 2 1 0 2
71 49
1 1 2 1 1 2 0 0 2 0 2 1 0 2 2 2 2 1 0 2 0 1 2 2 2 0 1 2 1 1 2 0 0 0 0 1 2 0 0 2 0 0 0 1 2 2 0 1 2
65 8
1 2 2 2 1 1 2 2
6 21
2 0 2 1 0 1 0 1 0 2 0 0 0 1 1 0 1 0 0 1 0
46 25
0 0 1 2 0 1 0 2 1 0 0 0 0 0 0 1 0 2 0 2 0 0 2 2 2
78 44
1 0 2 1 1 1 1 0 1 0 2 0 0 1 2 0 1 0 2 1 1 0 1 1 0 2 0 1 0 2 1 1 0 1 2 1 2 2 1 1 0 0 0 2
66 30
2 2 0 0 1 2 1 0 0 2 2 0 2 0 1 1 2 1 0 2 2 2 2 0 1 1 2 2 1 1
90 36
1 0 1 2 1 2 1 0 2 1 2 2 0 2 2 0 0 0 2 1 0 1 0 1 0 0 0 0 2 0 0 2 1 0 2 1
35 23
2 0 1 2 1 2 1 1 0 0 1 2 0 1 2 2 2 1 2 2 2 0 1
29 46
1 2 1 1 0 1 1 2 1 0 1 1 1 0 2 1 2 2 2 1 0 2 0 2 0 1 2 0 1 1 1 1 0 0 1 2 0 2 1 2 1 0 0 2 1 2
25 19
0 0 2 2 2 2 2 1 1 2 1 1 0 2 2 1 0 0 0
