4
30
17 13
12 18
20 10
14 16

4 
100
55 45
43 57
60 40
47 53

4
100
55 45
60 40
70 30
75 25

6
10
10 0
10 0
0 10
0 10
10 0
10 0

8
5000
5000 0
5000 0
5000 0
0 5000
5000 0
5000 0
5000 0
5000 0

6
30
17 13
23 7
19 11
10 20
12 18
5 25

6
30
17 13
23 7
11 19
10 20
12 18
5 25

300
10
10	0
10	0
10	0
10	0
10	0
10	0
10	0
10	0
10	0
10	0
10	0
10	0
10	0
10	0
10	0
10	0
10	0
10	0
10	0
10	0
10	0
10	0
10	0
10	0
10	0
10	0
10	0
10	0
10	0
10	0
10	0
10	0
10	0
10	0
10	0
10	0
10	0
10	0
10	0
10	0
10	0
10	0
10	0
10	0
10	0
10	0
10	0
10	0
10	0
10	0
10	0
10	0
10	0
10	0
10	0
10	0
10	0
10	0
10	0
10	0
10	0
10	0
10	0
10	0
10	0
10	0
10	0
10	0
10	0
10	0
10	0
10	0
10	0
10	0
10	0
10	0
10	0
10	0
10	0
10	0
10	0
10	0
10	0
10	0
10	0
10	0
10	0
10	0
10	0
10	0
10	0
10	0
10	0
10	0
10	0
10	0
10	0
10	0
10	0
10	0
10	0
10	0
10	0
10	0
10	0
10	0
10	0
10	0
10	0
10	0
10	0
10	0
10	0
10	0
10	0
10	0
10	0
10	0
10	0
10	0
10	0
10	0
10	0
10	0
10	0
10	0
10	0
10	0
10	0
10	0
10	0
10	0
10	0
10	0
10	0
10	0
10	0
10	0
10	0
10	0
10	0
10	0
10	0
10	0
10	0
10	0
10	0
10	0
10	0
10	0
10	0
10	0
10	0
10	0
10	0
10	0
10	0
10	0
10	0
10	0
10	0
10	0
10	0
10	0
10	0
10	0
10	0
10	0
10	0
10	0
10	0
10	0
10	0
10	0
10	0
10	0
10	0
10	0
10	0
10	0
10	0
10	0
10	0
10	0
10	0
10	0
10	0
10	0
10	0
10	0
10	0
10	0
10	0
10	0
10	0
10	0
10	0
10	0
10	0
10	0
10	0
10	0
10	0
10	0
10	0
10	0
10	0
10	0
10	0
10	0
10	0
10	0
10	0
10	0
10	0
10	0
10	0
10	0
10	0
10	0
10	0
10	0
10	0
10	0
10	0
10	0
10	0
10	0
10	0
10	0
10	0
10	0
10	0
10	0
10	0
10	0
10	0
10	0
10	0
10	0
10	0
10	0
10	0
10	0
10	0
10	0
10	0
10	0
10	0
10	0
10	0
10	0
10	0
10	0
10	0
10	0
10	0
10	0
10	0
10	0
10	0
10	0
10	0
10	0
10	0
10	0
10	0
10	0
10	0
10	0
10	0
10	0
10	0
10	0
10	0
10	0
10	0
10	0
10	0
10	0
10	0
10	0
10	0
10	0
10	0
10	0
10	0
10	0
10	0
10	0
10	0
10	0
10	0
10	0
10	0
10	0
10	0
10	0
10	0
10	0
300
10
0	10
0	10
0	10
0	10
0	10
0	10
0	10
0	10
0	10
0	10
0	10
0	10
0	10
0	10
0	10
0	10
0	10
0	10
0	10
0	10
0	10
0	10
0	10
0	10
0	10
0	10
0	10
0	10
0	10
0	10
0	10
0	10
0	10
0	10
0	10
0	10
0	10
0	10
0	10
0	10
0	10
0	10
0	10
0	10
0	10
0	10
0	10
0	10
0	10
0	10
0	10
0	10
0	10
0	10
0	10
0	10
0	10
0	10
0	10
0	10
0	10
0	10
0	10
0	10
0	10
0	10
0	10
0	10
0	10
0	10
0	10
0	10
0	10
0	10
0	10
0	10
0	10
0	10
0	10
0	10
0	10
0	10
0	10
0	10
0	10
0	10
0	10
0	10
0	10
0	10
0	10
0	10
0	10
0	10
0	10
0	10
0	10
0	10
0	10
0	10
0	10
0	10
0	10
0	10
0	10
0	10
0	10
0	10
0	10
0	10
0	10
0	10
0	10
0	10
0	10
0	10
0	10
0	10
0	10
0	10
0	10
0	10
0	10
0	10
0	10
0	10
0	10
0	10
0	10
0	10
0	10
0	10
0	10
0	10
0	10
0	10
0	10
0	10
0	10
0	10
0	10
0	10
0	10
0	10
0	10
0	10
0	10
0	10
0	10
0	10
0	10
0	10
0	10
0	10
0	10
0	10
0	10
0	10
0	10
0	10
0	10
0	10
0	10
0	10
0	10
0	10
0	10
0	10
0	10
0	10
0	10
0	10
0	10
0	10
0	10
0	10
0	10
0	10
0	10
0	10
0	10
0	10
0	10
0	10
0	10
0	10
0	10
0	10
0	10
0	10
0	10
0	10
0	10
0	10
0	10
0	10
0	10
0	10
0	10
0	10
0	10
0	10
0	10
0	10
0	10
0	10
0	10
0	10
0	10
0	10
0	10
0	10
0	10
0	10
0	10
0	10
0	10
0	10
0	10
0	10
0	10
0	10
0	10
0	10
0	10
0	10
0	10
0	10
0	10
0	10
0	10
0	10
0	10
0	10
0	10
0	10
0	10
0	10
0	10
0	10
0	10
0	10
0	10
0	10
0	10
0	10
0	10
0	10
0	10
0	10
0	10
0	10
0	10
0	10
0	10
0	10
0	10
0	10
0	10
0	10
0	10
0	10
0	10
0	10
0	10
0	10
0	10
0	10
0	10
0	10
0	10
0	10
0	10
0	10
0	10
0	10
0	10
0	10
0	10
0	10
0	10
0	10
0	10
0	10
0	10
0	10
0	10
0	10
0	10
0	10
0	10
0	10
0	10
0	10
0	10
0	10
0	10
0	10
0	10
0	10
300
10
0	10
0	10
0	10
0	10
0	10
0	10
0	10
0	10
0	10
0	10
0	10
0	10
0	10
0	10
0	10
0	10
0	10
0	10
0	10
0	10
0	10
0	10
0	10
0	10
0	10
0	10
0	10
0	10
0	10
0	10
0	10
0	10
0	10
0	10
0	10
0	10
0	10
0	10
0	10
0	10
0	10
0	10
0	10
0	10
0	10
0	10
0	10
0	10
0	10
0	10
0	10
0	10
0	10
0	10
0	10
0	10
0	10
0	10
0	10
0	10
0	10
0	10
0	10
0	10
0	10
0	10
0	10
0	10
0	10
0	10
0	10
0	10
0	10
0	10
0	10
0	10
0	10
0	10
0	10
0	10
0	10
0	10
0	10
0	10
0	10
0	10
0	10
0	10
0	10
0	10
0	10
0	10
0	10
0	10
0	10
0	10
0	10
0	10
0	10
0	10
0	10
0	10
0	10
0	10
0	10
0	10
0	10
0	10
0	10
0	10
0	10
0	10
0	10
0	10
0	10
0	10
0	10
0	10
0	10
0	10
0	10
0	10
0	10
0	10
0	10
0	10
0	10
0	10
0	10
0	10
0	10
0	10
0	10
0	10
0	10
0	10
0	10
0	10
0	10
0	10
0	10
0	10
0	10
0	10
0	10
0	10
0	10
0	10
0	10
0	10
0	10
10	0
10	0
10	0
10	0
10	0
10	0
10	0
10	0
10	0
10	0
10	0
10	0
10	0
10	0
10	0
10	0
10	0
10	0
10	0
10	0
10	0
10	0
10	0
10	0
10	0
10	0
10	0
10	0
10	0
10	0
10	0
10	0
10	0
10	0
10	0
10	0
10	0
10	0
10	0
10	0
10	0
10	0
10	0
10	0
10	0
10	0
10	0
10	0
10	0
10	0
10	0
10	0
10	0
10	0
10	0
10	0
10	0
10	0
10	0
10	0
10	0
10	0
10	0
10	0
10	0
10	0
10	0
10	0
10	0
10	0
10	0
10	0
10	0
10	0
10	0
10	0
10	0
10	0
10	0
10	0
10	0
10	0
10	0
10	0
10	0
10	0
10	0
10	0
10	0
10	0
10	0
10	0
10	0
10	0
10	0
10	0
10	0
10	0
10	0
10	0
10	0
10	0
10	0
10	0
10	0
10	0
10	0
10	0
10	0
10	0
10	0
10	0
10	0
10	0
10	0
10	0
10	0
10	0
10	0
10	0
10	0
10	0
10	0
10	0
10	0
10	0
10	0
10	0
10	0
10	0
10	0
10	0
10	0
10	0
10	0
10	0
10	0
10	0
10	0
10	0
10	0
10	0
10	0
10	0
10	0
10	0
10	0
10	0
10	0
