2 1
0 1 20
2 3
0 1 20
0 1 20
1 0 10
4 6
0 1 22
1 3 11
0 2 14
2 3 26
0 3 43
0 3 58
3 4
0 1 59
1 2 53
0 2 13
0 2 14
4 6
0 1 1
1 2 1
2 3 1
1 3 3
0 2 3
0 3 9
15 26
0 9 505
4 8 703
4 4 831
0 14 514
9 6 769
11 14 852
1 11 811
5 10 858
11 9 982
11 8 113
3 10 444
7 13 483
10 9 137
0 9 392
9 10 255
10 13 80
12 1 994
7 4 581
5 8 754
12 2 122
10 0 178
6 9 244
2 3 493
6 6 315
14 0 242
5 7 204
14 170
7 0 868
1 0 829
10 9 31
9 0 208
12 5 961
2 12 472
12 11 448
7 3 889
5 8 863
10 7 140
7 7 403
4 5 187
13 11 349
10 8 93
6 5 245
7 3 226
7 6 532
8 9 457
2 7 985
2 0 461
7 10 281
2 4 672
1 1 241
1 12 318
2 5 415
12 9 100
10 8 812
5 3 641
12 6 220
13 4 302
12 0 1000
3 4 32
10 7 91
13 4 707
10 13 667
10 13 973
5 0 450
5 13 543
2 2 972
11 0 689
0 9 813
6 1 152
3 10 680
7 12 397
6 13 83
3 3 956
7 9 218
3 11 742
7 1 408
2 8 782
7 5 810
2 6 541
13 8 219
8 0 679
13 13 90
9 13 935
5 5 713
5 9 233
6 7 29
7 6 209
2 11 450
10 9 73
10 13 82
6 0 567
4 1 594
4 4 622
9 11 903
11 10 334
8 13 603
7 2 100
5 9 305
10 2 544
7 9 273
3 8 549
11 0 435
8 2 352
9 1 46
5 2 89
1 7 70
6 7 510
7 5 375
2 6 188
5 6 1000
3 2 653
4 11 552
4 1 536
6 1 872
11 5 482
9 3 916
7 7 316
9 3 377
12 13 374
8 6 255
8 7 141
0 3 5
3 12 567
13 7 768
12 1 756
12 8 485
4 12 211
3 6 321
11 0 719
5 2 350
7 12 238
12 12 842
5 6 595
2 5 766
11 1 77
0 7 485
11 3 434
8 5 423
13 0 867
11 4 747
4 3 897
13 3 348
13 8 427
1 9 679
8 0 668
9 11 578
13 7 191
9 5 161
8 7 269
2 9 153
9 9 648
1 5 70
11 0 682
3 8 171
10 8 38
11 4 918
12 7 70
3 1 716
13 8 178
12 7 39
8 5 442
4 11 883
4 13 521
11 13 800
11 4 636
11 0 328
7 6 643
11 11 481
12 5 936
4 3 383
13 10 188
7 3 121
0 13 142
10 2 900
0 8 82
6 2 368
5 9 964
13 5 840
3 13 567
7 12 639
2 13 92
8 0 835
12 5 736
9 10 389
5 0 336
10 7 82
8 13 191
4 2 99
3 8 604
9 12 924
11 0 861
13 2 323
2 13 468
3 3 856
13 8 883
3 0 412
10 12 791
0 0
