61
-0.6180 2.3635
-0.8427 -5.5212
-0.8782 -0.0956
-1.2081 -7.3050
-1.8082 0.8723
-1.8898 -8.3208
-2.1525 -5.8300
-2.4888 0.7747
-2.6134 4.3757
-2.6268 2.4667
-3.2272 6.0164
-3.3665 -0.1765
-4.3470 0.5378
-4.4234 -4.8614
-4.5304 -3.2531
-4.7375 -9.8032
-4.8069 8.1933
-5.2355 6.1988
-5.3125 8.5809
-6.8546 5.9447
-7.4050 1.1016
-7.5214 -3.2295
-8.0204 -0.4951
-9.1694 -6.0318
-9.2042 7.4735
-9.4340 -5.1087
-9.7513 -0.2854
-9.7895 7.8376
-9.8654 5.7122
-9.8930 3.0232
0.0166 -1.5238
0.6479 -2.1830
0.7935 -8.0432
1.1355 -6.3852
1.2112 3.1983
1.3821 -8.1825
2.3722 -0.0029
2.6878 -4.0295
3.0713 -3.2900
3.2353 7.4876
3.4952 1.5716
3.8259 -8.6024
4.2341 -5.6397
4.3342 -8.0531
4.7437 5.4653
4.7673 -5.7312
4.8762 -5.2501
4.8987 4.5622
4.9374 4.4319
5.0422 9.8952
5.9197 -7.4435
6.3474 7.8038
6.7832 -0.7306
6.8208 -0.0726
7.1538 3.0418
7.3164 -1.3172
7.4056 6.3266
7.7894 -5.4426
7.8036 9.1364
7.9053 -5.9789
9.4623 -1.7397
