732
-0.0303 -4.0282
-0.0331 2.8972
-0.0649 -6.0812
-0.0682 7.3988
-0.1045 -7.8685
-0.1207 6.1127
-0.1784 7.0270
-0.2080 -6.7507
-0.2087 9.2651
-0.2507 -3.8177
-0.2735 -3.1905
-0.2974 2.5643
-0.3055 -3.2060
-0.3578 5.6461
-0.3722 -3.7023
-0.4357 7.0112
-0.4788 6.5478
-0.4849 -4.6963
-0.4938 7.3407
-0.5151 -5.7878
-0.5202 -6.6371
-0.5416 -8.4020
-0.5826 2.7885
-0.5867 6.5396
-0.6935 3.0995
-0.7077 5.5152
-0.7180 -9.4561
-0.7560 -7.2800
-0.7747 7.1406
-0.7814 9.9697
-0.8037 5.7686
-0.8160 6.3741
-0.8171 7.0382
-0.8881 -4.1292
-0.8926 5.8571
-1.0098 3.8990
-1.0551 4.0009
-1.0612 3.3507
-1.1781 4.3154
-1.3211 -5.9804
-1.3390 -0.7652
-1.3552 6.8899
-1.3644 7.3084
-1.3679 3.4924
-1.3912 7.2380
-1.4024 4.2370
-1.4262 -0.0404
-1.4355 -1.2043
-1.4634 8.0024
-1.4838 -7.2396
-1.4939 3.7501
-1.5426 3.6300
-1.5801 2.3856
-1.6135 7.1360
-1.6171 8.3059
-1.6700 -6.9081
-1.6872 5.5403
-1.7032 3.7107
-1.7140 -5.4646
-1.7228 -6.5592
-1.7544 5.0066
-1.7544 7.7302
-1.7645 -1.8366
-1.7851 3.3579
-1.8085 4.4788
-1.8143 -6.2544
-1.8215 -8.9794
-1.8503 7.8339
-1.8579 -9.1865
-1.8595 1.5878
-1.8601 7.4615
-1.8723 -3.1657
-1.8729 3.3979
-1.8743 1.5972
-1.8803 4.9047
-1.9344 -4.0337
-1.9372 1.0843
-1.9464 3.8641
-1.9536 4.0042
-1.9704 -3.4391
-1.9836 -6.6868
-1.9935 -1.7411
-1.9938 -9.9009
-2.0101 -7.5740
-2.0543 -3.9454
-2.0594 0.5602
-2.0700 7.6006
-2.0711 -2.9486
-2.1088 3.8018
-2.1316 3.5006
-2.1456 -5.0574
-2.1634 -0.7886
-2.1760 -5.8860
-2.1797 1.1979
-2.1926 -5.7750
-2.2008 0.3835
-2.2265 -9.5660
-2.2774 2.1004
-2.2825 -9.3204
-2.2892 -9.7928
-2.2938 3.1955
-2.3061 3.2127
-2.3082 1.6724
-2.3411 3.2168
-2.3613 2.2369
-2.3670 -6.0751
-2.4557 2.9287
-2.4627 1.7601
-2.4816 5.5762
-2.4833 3.0748
-2.5097 -1.0936
-2.5389 -1.1834
-2.5419 -8.6544
-2.5709 3.7368
-2.5860 -2.3201
-2.5966 5.4439
-2.6206 -4.6527
-2.6590 -1.8995
-2.6673 9.7441
-2.6815 4.9336
-2.7305 -2.5739
-2.7734 7.6927
-2.8145 -9.0457
-2.8497 2.9635
-2.8604 2.5637
-2.8836 -6.7503
-2.9047 -7.1943
-2.9186 -7.6427
-2.9263 -5.5479
-3.0123 -1.1511
-3.0959 -2.5361
-3.1303 -6.7485
-3.1343 -5.3923
-3.1631 -2.2439
-3.1652 -4.5390
-3.1675 -6.8390
-3.2011 -5.5039
-3.2043 -5.0970
-3.2342 -6.1279
-3.2343 -8.3833
-3.2461 -1.9812
-3.2796 -1.3187
-3.2903 -8.4206
-3.3690 4.9437
-3.5167 4.5744
-3.5572 -8.1410
-3.6040 -7.0257
-3.6791 -5.9121
-3.6804 8.1765
-3.6937 -7.8658
-3.7121 9.9559
-3.8091 -6.2881
-3.8450 5.4741
-3.8586 -5.6716
-3.8586 2.0621
-3.8623 -6.4616
-3.8860 -6.1495
-3.9267 -6.1255
-3.9388 -8.8842
-3.9416 -8.6850
-3.9654 -1.5941
-4.0194 -2.0260
-4.0275 9.6072
-4.0474 -3.4965
-4.0826 -7.4905
-4.0844 -7.6070
-4.0947 -3.6893
-4.1627 -5.5238
-4.2023 2.1037
-4.2509 8.5038
-4.3305 7.6861
-4.3542 -8.5468
-4.4027 -6.7184
-4.4509 3.2997
-4.4520 4.4520
-4.4708 -1.6827
-4.4742 2.3293
-4.4972 -5.5848
-4.5079 -5.2740
-4.5113 7.4605
-4.5358 -5.9791
-4.6037 -2.7261
-4.6145 -5.4667
-4.6298 -4.8827
-4.6446 -6.0130
-4.6478 7.5794
-4.6616 -1.6129
-4.6751 3.4495
-4.7303 -3.6976
-4.7707 8.4693
-4.8299 -6.1964
-4.8490 -1.8101
-4.9054 -5.7116
-4.9450 4.9227
-4.9951 6.7161
-5.0089 -1.5639
-5.0408 -3.2405
-5.0568 8.3470
-5.0618 -2.0093
-5.0676 -8.3251
-5.1101 -0.5517
-5.1171 -4.9335
-5.1442 -2.1790
-5.2043 -4.7967
-5.2370 -3.3377
-5.2548 -1.3363
-5.3186 5.7391
-5.3489 -1.7782
-5.4213 -5.9297
-5.4995 -2.2093
-5.5657 7.7264
-5.5678 9.6794
-5.6126 -1.9290
-5.6379 7.9126
-5.6412 -5.4727
-5.6704 9.6426
-5.7124 4.7285
-5.7382 -3.8272
-5.7881 5.1211
-5.9125 -1.5142
-5.9257 -1.6614
-5.9589 3.4664
-5.9736 -3.0085
-6.0253 -0.3717
-6.0870 -1.5433
-6.1599 -1.6368
-6.2699 -3.6630
-6.2726 -1.4858
-6.2996 7.3868
-6.3135 3.9245
-6.3218 4.5638
-6.3518 -1.4258
-6.3541 4.8582
-6.3973 -0.7354
-6.4242 4.1163
-6.4349 4.7424
-6.4532 -1.6852
-6.4940 -0.9079
-6.4951 -9.5371
-6.5059 -9.1628
-6.5291 -2.1821
-6.6491 -2.7577
-6.6555 -5.8127
-6.6955 -0.7549
-6.7212 -1.0834
-6.7536 -4.9048
-6.7783 1.0945
-6.8197 -4.2088
-6.8396 -7.9480
-6.8753 4.5823
-6.8887 -2.8863
-6.9003 -5.8898
-6.9097 4.3750
-6.9474 -3.9615
-6.9534 -1.9544
-6.9556 5.9834
-6.9647 -1.5325
-6.9659 0.7995
-6.9664 9.7412
-6.9707 -3.8391
-7.0652 -1.2435
-7.0716 -0.4246
-7.0979 -8.1636
-7.1112 -1.1361
-7.1167 -2.8093
-7.1203 -3.0570
-7.1515 -3.3429
-7.1988 4.9711
-7.2183 6.6741
-7.2198 6.8145
-7.2228 -0.4702
-7.2279 -9.3653
-7.2759 -1.1539
-7.3012 1.2508
-7.3180 -1.3939
-7.3231 7.4064
-7.4074 -2.5022
-7.4625 0.6115
-7.4656 7.2293
-7.4845 -7.8199
-7.6049 -2.7426
-7.6091 -5.5943
-7.6225 4.5836
-7.6332 -0.1390
-7.6380 -1.1288
-7.6407 -0.5200
-7.6561 -5.4768
-7.6712 -8.6723
-7.7091 -1.9831
-7.7127 -1.4443
-7.7133 -1.9647
-7.7180 -7.5249
-7.7227 0.2278
-7.7284 9.3748
-7.7417 9.0459
-7.7429 -9.7987
-7.7503 -5.3142
-7.7534 -7.1762
-7.7726 -2.8616
-7.8041 -5.9068
-7.8348 5.0042
-7.9098 -1.6107
-7.9568 4.0326
-7.9701 8.5975
-7.9882 5.3799
-7.9973 0.0716
-8.0034 -6.7964
-8.0133 -0.7842
-8.0240 -0.5788
-8.0402 -9.4330
-8.0718 -7.3904
-8.0812 -1.6041
-8.0977 -8.4138
-8.1117 -0.7905
-8.1118 5.7881
-8.1139 -8.7740
-8.1147 -8.6516
-8.1266 -3.9357
-8.1402 4.3068
-8.1499 7.8422
-8.1562 -7.9180
-8.1682 -2.2651
-8.1854 -7.8366
-8.2022 -7.7399
-8.2397 -0.3736
-8.2848 -8.5713
-8.2934 -6.3546
-8.2985 -6.9676
-8.2985 7.4654
-8.3054 4.6912
-8.3065 5.0315
-8.3193 7.1936
-8.3209 -2.8117
-8.3427 -1.6414
-8.4161 -0.1204
-8.4369 0.9794
-8.4516 -0.9797
-8.5003 -6.7135
-8.5143 8.8722
-8.5293 4.2857
-8.5408 -7.1956
-8.5673 7.8635
-8.6023 -8.8467
-8.6031 -1.2831
-8.6412 -6.4965
-8.6487 6.0742
-8.6556 -3.8027
-8.6802 -5.4925
-8.7717 -0.7060
-8.7848 -7.0630
-8.8275 5.7318
-8.8364 9.0876
-8.8655 0.0312
-8.8663 5.7358
-8.8691 6.6236
-8.9096 -1.1355
-8.9674 9.7634
-8.9751 5.1878
-8.9811 8.8048
-8.9924 6.0462
-9.0204 -3.8186
-9.0494 -1.0701
-9.0891 9.7260
-9.2760 9.1403
-9.2981 -1.0937
-9.3538 6.8117
-9.3973 7.2205
-9.4204 7.1374
-9.4310 -3.6344
-9.4512 6.3172
-9.4674 -0.0030
-9.4786 -1.5859
-9.5011 0.8701
-9.5267 7.1541
-9.5485 9.7776
-9.5542 9.9094
-9.5594 -4.0659
-9.5649 -0.8132
-9.5856 5.4178
-9.5989 6.9451
-9.6585 -0.3402
-9.6774 -4.3548
-9.6939 5.7741
-9.7112 6.5405
-9.7566 9.0884
-9.7706 9.6297
-9.7828 7.4816
-9.8589 8.6966
-9.9604 6.9386
-9.9821 6.6525
0.0178 -5.6512
0.0445 6.9503
0.1363 -4.0725
0.1656 -4.2281
0.1930 4.4635
0.2370 7.7254
0.2720 -3.0360
0.3244 -8.7632
0.3247 -0.8807
0.3625 -5.7103
0.3874 -4.7605
0.3954 7.4291
0.4563 2.9609
0.4946 2.7002
0.5011 -2.5413
0.5557 -2.9883
0.5572 -8.1957
0.5601 7.2965
0.6152 -5.7126
0.6233 7.4249
0.6372 6.2656
0.6387 -6.7007
0.7180 -3.0163
0.7344 6.4970
0.7533 6.8938
0.8108 1.7808
0.8262 6.3406
0.8720 2.7770
0.8875 -4.1286
0.8886 2.9204
0.9106 2.0496
0.9341 5.0203
0.9420 -5.7383
0.9510 7.1474
0.9789 5.3236
1.0012 2.6233
1.0136 -0.2203
1.1181 2.2326
1.1185 -4.2018
1.1673 -9.1255
1.1735 -3.7851
1.1902 -9.3986
1.2024 7.2341
1.2073 5.7414
1.2250 7.1236
1.2388 2.5551
1.2494 3.8292
1.2836 -8.5498
1.3044 0.8858
1.4090 -3.6087
1.4288 -9.7628
1.4748 2.1309
1.4966 4.7862
1.5041 1.5674
1.5352 6.3936
1.5377 1.3152
1.5874 4.1974
1.5941 6.8525
1.6346 -8.6544
1.6411 -5.0025
1.6495 -4.6558
1.6705 -8.9607
1.6773 -8.4853
1.6850 -4.7879
1.6908 2.5255
1.6981 -6.9448
1.7150 7.8314
1.7600 0.0459
1.7648 9.2395
1.7873 -9.8032
1.8115 6.0687
1.8492 6.1710
1.8506 -0.0236
1.8802 -7.8148
1.8952 0.5434
1.9245 -2.1124
1.9259 -4.1993
2.1011 -4.9251
2.1197 3.5507
2.1205 5.5857
2.1984 4.2186
2.2229 5.9347
2.2517 9.2842
2.3469 -7.3218
2.3558 -8.4732
2.3923 3.6654
2.5001 -5.3721
2.5103 0.8524
2.6302 3.5804
2.6627 -9.2978
2.7466 6.7907
2.7469 -5.7232
2.7913 8.1577
2.7949 -4.1794
2.8007 -5.9427
2.8536 7.1907
2.8539 2.2288
2.9654 8.5430
3.0314 8.7608
3.0567 -5.7294
3.0669 -1.4376
3.1799 3.7389
3.2996 4.4867
3.3041 0.6726
3.3416 3.1421
3.3582 -2.9915
3.3843 -2.3268
3.4045 -6.5558
3.4742 2.4290
3.5032 9.6071
3.5184 7.1151
3.5319 -9.0584
3.5683 3.8699
3.5934 8.4274
3.6290 -5.8637
3.6388 -9.8646
3.6470 1.6086
3.6639 4.1323
3.7012 -8.2377
3.7104 4.2511
3.7172 8.0571
3.7209 4.6532
3.7254 -2.2306
3.7647 7.8868
3.7696 6.7488
3.7836 -6.3600
3.7856 -8.9750
3.7871 -9.1549
3.8171 5.8683
3.8239 -0.4057
3.8402 7.9367
3.8738 -0.1445
3.8843 8.8306
3.8852 3.5085
3.9005 1.3775
3.9088 4.4553
3.9179 7.6970
3.9180 -9.2339
3.9460 3.5919
3.9547 0.7300
3.9880 7.1941
4.0189 -7.5470
4.0239 -5.4455
4.0922 1.6595
4.1390 9.2902
4.1743 -6.7983
4.1978 8.2077
4.2153 -5.5825
4.2183 8.3942
4.2322 9.2030
4.2359 9.1627
4.2426 3.4081
4.2459 2.0355
4.2601 6.2798
4.2644 0.7436
4.2687 -0.7022
4.2976 3.9144
4.3024 -9.8069
4.3613 6.8122
4.3748 1.1380
4.3750 9.2408
4.3844 1.6011
4.3941 3.9931
4.4079 5.0686
4.4098 -9.4790
4.4517 -8.7915
4.4534 8.3730
4.4884 -5.1748
4.5232 9.0468
4.5703 -6.8684
4.5739 7.4803
4.6006 2.8596
4.6040 1.6297
4.6182 5.8978
4.6524 -7.3822
4.6711 5.9629
4.6835 3.3356
4.7140 -7.7774
4.7244 6.6355
4.7258 1.5017
4.7703 7.4270
4.8231 -0.1311
4.9119 0.1528
5.0332 9.4849
5.0348 -0.9742
5.0719 9.3648
5.0724 2.1924
5.1975 -3.9754
5.2703 8.6241
5.3757 1.0899
5.3880 -8.9527
5.4495 9.3012
5.4940 0.4784
5.5139 8.8505
5.5170 -1.5285
5.5332 9.8851
5.5580 -1.0913
5.5725 9.3671
5.6550 -5.2837
5.6606 0.3103
5.6664 1.1518
5.8369 -7.3503
5.8991 0.6453
5.9442 1.1741
5.9449 1.8743
6.0205 9.2539
6.0606 -1.5600
6.0717 8.2617
6.1031 9.5688
6.1835 0.3097
6.1882 -0.7933
6.2425 -4.4390
6.5312 -2.0319
6.6191 -0.2494
6.6356 -3.9822
6.6363 -2.8660
6.6534 -3.4263
6.6696 0.4292
6.6794 -6.9317
6.7186 -0.7305
6.8863 0.3834
6.9689 -1.8481
7.0817 9.9816
7.0862 4.3530
7.0876 9.4792
7.0926 -0.4776
7.0950 -3.2448
7.1036 -1.9847
7.1128 -6.6716
7.1255 2.5671
7.1733 8.4945
7.1908 2.5699
7.2006 9.7289
7.2620 1.2512
7.3048 9.6585
7.3266 -3.0830
7.3764 6.9411
7.4209 -0.6157
7.4609 9.6650
7.4640 7.9013
7.5502 -5.1990
7.5754 8.2358
7.5827 -0.3671
7.5848 -0.4431
7.6386 7.4101
7.6917 1.2804
7.6981 -0.5131
7.7175 0.4377
7.7787 -6.2428
7.7811 1.6172
7.8000 0.9243
7.8223 0.5576
7.8470 -3.6003
7.8536 -1.0821
7.8540 1.3863
7.8866 -5.9675
7.9123 9.0303
7.9245 -3.9621
7.9469 2.6649
7.9558 0.9013
7.9616 3.7678
7.9760 1.1691
8.0295 -6.4928
8.0943 9.3969
8.1202 0.3328
8.1602 4.2733
8.1655 7.7707
8.1662 7.8183
8.1959 1.0629
8.2181 -1.5943
8.2233 -9.9607
8.2880 -8.3947
8.3213 3.4196
8.3387 1.4901
8.3461 -2.9078
8.3517 -0.4970
8.3960 9.1942
8.4361 -1.9298
8.4901 -7.6364
8.5160 -1.5569
8.5239 1.6060
8.5258 -9.4197
8.5288 -1.1901
8.5316 -9.2385
8.5493 3.1302
8.5503 -0.1959
8.5697 -1.1169
8.6131 2.9774
8.6465 2.6170
8.7040 -9.4648
8.7287 -2.1734
8.7818 -3.7261
8.7884 -7.4990
8.7955 -8.8884
8.8394 -4.8910
8.8687 -3.9274
8.8785 -6.3687
8.9424 -9.9424
8.9448 -8.7201
8.9876 -9.5754
8.9945 -8.8584
9.0124 6.7764
9.0198 -3.1694
9.0360 -6.2866
9.0570 -1.6837
9.0706 3.2271
9.0945 -7.7881
9.0968 -4.6066
9.1064 -2.8126
9.1266 -8.2338
9.1313 -3.3898
9.1727 -3.2297
9.2011 -4.0582
9.2048 3.7786
9.2321 -8.3325
9.2723 -7.5373
9.2807 3.9641
9.2927 -6.3319
9.2946 -2.7153
9.3044 -2.1203
9.3425 -8.2067
9.3653 -7.5144
9.3657 -3.2696
9.3890 4.6555
9.4028 4.6023
9.4209 2.5853
9.4648 -9.1595
9.5366 -5.6951
9.5400 3.8864
9.5803 -6.9963
9.5980 7.9217
9.6044 -2.7067
9.6272 -3.4255
9.6517 -8.9824
9.6589 -9.1849
9.6764 -8.1072
9.7659 -3.5508
9.8231 -7.5865
9.8304 -6.3225
9.8626 4.5238
9.8832 -3.4052
9.9664 -5.4247
