10
5
6 3
1 3
9 4
8 7
6 6
9 9
10 8
4 8
8 1
4 7

5
12 9
17 11
2 16
4 18
20 17
19 6
11 10
4 2
15 14
7 17

8
39 1
29 7
5 6
18 5
17 10
45 4
3 5
46 10
48 9
14 7
44 9
37 8
7 6
44 4
16 8
15 1

10
31 24
49 19
22 9
45 11
29 13
9 3
37 20
8 21
45 20
11 18
16 19
39 1
1 2
10 9
42 22
50 6
16 8
26 7
40 10
25 3

20
81 44
82 9
9 87
72 3
88 95
45 31
68 2
50 32
74 49
20 72
26 60
7 75
14 37
46 70
72 5
24 96
80 33
69 94
85 12
3 93
24 71
3 74
79 61
68 58
18 36
5 57
86 2
59 81
49 40
55 98
12 92
41 79
67 81
34 82
35 18
14 57
99 80
20 73
69 4
35 1

50
38 82
97 94
248 206
70 139
131 168
129 82
250 159
38 187
87 261
25 13
223 176
153 115
44 238
137 280
14 80
293 149
237 81
193 29
26 292
55 110
242 45
87 235
58 279
273 93
278 233
165 35
206 10
125 116
45 188
112 140
189 243
39 236
204 15
22 109
138 121
191 234
206 8
68 292
115 190
291 67
262 9
266 46
182 35
71 197
258 272
33 17
110 141
165 276
113 262
232 90
236 159
76 111
79 154
221 208
162 209
146 188
89 269
88 163
96 83
15 277
244 214
284 151
36 279
172 293
48 153
146 298
107 54
5 131
281 284
119 58
226 286
140 276
26 47
165 170
26 65
75 169
228 43
74 298
213 197
112 52
3 75
160 125
273 130
73 279
90 205
256 29
20 296
222 193
248 33
5 117
190 272
171 176
194 94
136 31
271 261
283 263
184 270
243 131
194 195
172 129

30
99 159
14 132
60 181
50 14
288 162
239 90
260 110
166 180
37 122
29 110
126 28
114 160
193 179
132 41
20 124
216 197
200 15
43 74
117 164
130 25
156 95
121 190
139 18
69 149
179 169
269 160
7 42
98 84
99 44
285 123
222 127
190 156
70 6
83 113
156 12
155 63
291 117
82 156
258 53
43 4
158 170
259 129
95 62
102 169
127 100
281 175
294 2
22 183
298 71
95 91
10 151
135 130
215 11
93 69
119 121
86 121
192 20
245 5
116 148
79 35

30
314 13
133 62
357 92
91 75
256 211
138 174
55 250
214 289
357 64
228 204
92 267
39 297
39 287
376 155
572 288
452 22
265 143
191 260
330 79
100 42
217 237
401 192
453 27
577 144
154 64
25 97
182 207
85 279
271 246
32 142
215 216
193 57
329 117
291 84
178 78
471 38
84 292
3 56
503 116
225 62
498 298
425 173
279 94
110 287
343 274
278 157
98 30
32 144
185 143
47 181
288 269
542 19
560 147
162 226
531 237
515 247
341 57
276 69
268 55
112 129

40
561 72
344 182
178 50
542 51
528 14
388 104
372 228
600 231
383 160
1 276
340 85
422 54
380 209
6 64
395 271
303 83
235 259
467 24
519 241
58 82
405 104
248 216
230 43
34 32
255 52
369 172
145 10
500 115
309 253
338 248
426 183
31 271
195 57
81 133
316 49
75 218
68 83
253 232
559 90
111 247
132 110
338 219
310 66
195 77
40 281
538 152
536 300
86 290
584 240
246 269
96 298
373 24
478 70
312 37
116 71
174 245
220 60
93 85
447 293
435 275
445 191
88 92
216 63
210 203
170 237
566 158
55 93
330 155
320 186
379 230
28 217
61 35
545 82
161 6
439 212
546 35
119 181
316 202
129 42
38 118

50
283 61
380 151
600 61
594 25
528 164
483 152
528 236
48 182
52 162
362 229
148 205
135 55
575 221
513 253
29 44
105 1
440 180
178 121
275 179
509 201
292 256
140 156
372 110
18 210
396 35
469 262
273 228
386 250
394 258
393 214
323 120
341 50
294 208
316 190
22 278
19 34
305 280
570 57
421 290
336 40
99 153
503 93
560 137
299 96
519 51
305 151
540 73
43 232
523 299
177 275
437 5
25 240
160 77
427 50
449 166
537 272
593 159
113 5
483 78
365 190
548 53
221 254
379 16
590 52
12 33
576 279
171 157
315 247
359 264
96 165
385 127
539 69
320 19
383 270
576 148
565 141
387 294
44 245
303 165
143 278
58 213
164 91
139 277
159 293
511 130
501 269
320 63
48 153
130 22
229 245
31 90
360 68
252 73
214 284
330 231
249 238
166 164
226 185
512 160
111 229
