3.60 20
10.00 14.00
20.00 0.00
20.00 7.00
60.00 -4.00
190.00 0.00
10.00 -14.00
10.00 -14.00
10.00 -14.00
20.00 0.00
13.00 14.00
15.00 0.00
5.00 -2.00
0.00 0.00
0.00 0.00
0.00 0.00
0.00 0.00
0.00 0.00
0.00 0.00
0.00 0.00
0.00 0.00
0.00 0.00
0.00 0.00
0.00 0.00
0.00 0.00
0.00 0.00
0.00 0.00
0.00 0.00
0.00 0.00
0.00 0.00
0.00 0.00
0.00 0.00
0.00 0.00
0.00 0.00
0.00 0.00
0.00 0.00
0.00 0.00
0.00 0.00
0.00 0.00
0.00 0.00
0.00 0.00
0.00 0.00
0.00 0.00

LVL5
44.15 0.00
21.99115 14.00
66.85 0.00

LVL6
3.60 10
12.50 14.00
50.00 0.00
5.00 14.00
100.00 0.00
15.00 -14.00
30.00 0.00
15.00 -2.30
9.00 -14.00
9.00 14.00
-10.00 0.01
