/rover/create?map=L5_MAF3401R&username=deso&contestId=linz

391589d3-fed8-4cc6-a49e-45f6ea436b25

/rover/391589d3-fed8-4cc6-a49e-45f6ea436b25

$wheelBase $maxSteerAngle $targetX $targetY $targetRadius
3.60 14.00 0.00 0.00 3.00

/rover/move/391589d3-fed8-4cc6-a49e-45f6ea436b25?distance=100&steeringAngle=0%

/rover/2c8facb0-0f83-4d59-84b3-782ebded2b43

3.60 14.00 80.00 65.20 1.00
$wheelBase $maxSteerAngle $targetX $targetY $targetRadius

/rover/move/2c8facb0-0f83-4d59-84b3-782ebded2b43?distance=80&steeringAngle=0

L6_MK2SP4RO
/rover/create?map=L6_MK2SP4RO&username=deso&contestId=linz
/rover/0cb670e4-303e-4914-be25-e9dd423bc0d9
$wheelBase $maxSteerAngle $targetX $targetY $targetRadius
3.60 14.00 148.80 148.80 1.50

/rover/move/0cb670e4-303e-4914-be25-e9dd423bc0d9distance=80&steeringAngle=0
/rover/sensor/0cb670e4-303e-4914-be25-e9dd423bc0d9

Depth1:
5.13 5.73 6.63 8.05 10.50 15.51 30.72 29.78 28.45 28.48 29.90 33.69 90.68 105.89 53.11
8.61 10.76 14.69 23.86 25.57 23.86 23.33 23.76 25.32 29.06 87.37 60.11 50.02 47.82 48.81
23.89 20.68 19.21 18.64 18.75 19.58 21.48 25.94 85.75 52.00 45.57 43.98 45.12 50.29 109.06
14.85 14.97 15.61 16.98 19.78 76.87 92.33 43.98 40.22 39.42 40.90 46.19 107.61 65.29 43.40
17.56 16.75 16.55 16.93 18.00 20.21 26.15 88.34 47.96 42.97 41.76 43.04 48.21 108.27 67.28

117.19 26.26 25.48 26.87 30.38 29.97 31.51 38.34 46.52 132.15 10.16 7.70 6.54 5.86 5.45
24.62 26.06 25.57 26.53 29.93 40.01 44.43 123.94 7.96 5.67 4.67 4.08 3.72 3.49 3.36

77.02 63.90 46.93 37.65 31.93 28.18 25.65 23.94 22.86 22.26 22.11 22.37 23.07 24.29 26.17
13.59 14.86 17.98 68.75 68.98 64.97 41.25 30.64 24.74 21.07 18.66 17.03 15.94 15.25 14.88
10.70 11.02 11.82 13.48 65.92 64.34 64.01 64.90 43.79 30.74 24.03 20.03 17.45 15.73 14.56

48.98 43.38 39.59 37.05 35.45 34.60 34.42 34.90 27.09 19.01 14.86 12.39 10.80 9.73 9.01

54.67 51.86 52.47 57.17 66.36 47.26 37.25 31.22 27.31 24.68 22.91 21.75 21.09 20.84 20.99
48.98 43.38 39.59 37.05 35.45 34.60 34.42 34.90 27.09 19.01 14.86 12.39 10.80 9.73 9.01

15.00 -2.30 --- 153.92 141.33 0.05
33.92 28.61 25.15 22.81 21.24 20.23 19.66 19.48 19.66 20.24 17.16 13.17 10.85 9.37 8.39


/rover/create?map=L7_M6DA04KF&username=deso&contestId=linz
9f51dee6-5cc5-4d83-a878-7027af118b90
/rover/6c2293ed-b756-41fb-a40b-37fb67d794dc
$wheelBase $maxSteerAngle $targetX $targetY $targetRadius
3.60 14.00 148.80 148.80 1.50

/rover/move/rover/f0686d1e-1825-48c3-9b8d-3e97ea89f50b&distance=80&steeringAngle=0
/rover/sensor//rover/f0686d1e-1825-48c3-9b8d-3e97ea89f50b

http://192.168.2.200:8080/rover/9a71c845-7fdc-40bd-bb7e-5a4a48ea0fd1
$wheelBase $maxSteerAngle $targetX $targetY $targetRadius
3.60 14.00 -48.00 0.00 2.00

/rover/move/9a71c845-7fdc-40bd-bb7e-5a4a48ea0fd1&distance=80&steeringAngle=0
/rover/sensor/9a71c845-7fdc-40bd-bb7e-5a4a48ea0fd1

18.78 19.64 21.01 23.04 26.04 30.61 37.99 46.05 49.49 54.59 62.16 73.78 92.88 188.25 168.47
5.00 4.00  --- 2.16 14.79 16.65
17.70 18.80 20.46 22.91 26.59 32.41 40.49 43.21 47.27 53.29 62.39 77.00 195.38 173.19 158.20
5.00 4.00
5.00 4.00 --- 2.16 14.79 16.65
17.46 19.21 21.80 25.77 30.81 32.45 34.98 38.71 44.27 52.86 67.14 182.55 163.97 151.39 70.97
6 14
26.10 26.90 28.30 30.46 33.65 38.40 45.71 57.80 180.10 161.47 148.86 140.53 60.60 54.41 51.90
4 14
26.83 28.84 31.83 36.27 43.09 54.33 177.00 158.50 145.98 137.68 60.17 52.95 49.89 49.14 50.38
100.00 0
999.00 999.00 175.56 119.31 91.66 75.57 65.33 58.50 53.88 50.82 48.95 48.09 48.15 49.14 51.14
5 -14
65.39 90.12 149.47 999.00 999.00 128.81 94.55 75.81 64.28 56.71 51.61 48.18 45.99 44.79 44.46
5 -14
43.43 50.43 61.52 80.79 120.95 999.00 999.00 147.45 101.85 78.93 65.43 56.79 51.01 47.09 44.52
2 -14
39.04 43.76 50.87 62.12 81.73 122.81 999.00 999.00 144.58 100.19 77.77 64.54 56.05 50.38 46.54
50 0
39.86 44.68 51.94 63.43 83.45 154.72 153.67 155.53 117.68 81.54 63.30 52.53 45.62 41.00 37.88

10, 14 --- 3.24 9.26 38.50

11.79 13.31 15.62 19.34 26.01 40.91 100.13 999.00 999.00 149.19 117.84 98.91 86.63 78.36 72.79

12.34 13.93 16.35 20.24 27.23 42.82 104.79 999.00 999.00 145.02 114.55 96.15 84.21 76.17 70.75
12.89 14.55 17.07 21.14 28.44 44.72 109.45 999.00 196.95 140.85 111.26 93.39 81.78 73.98 68.72
13.44 15.17 17.80 22.04 29.65 46.63 114.11 190.50 191.12 136.68 107.96 90.62 79.36 71.79 66.68
13.99 15.79 18.53 22.94 30.86 48.53 118.77 180.50 185.29 132.51 104.67 87.86 76.94 69.60 64.65
16.73 18.89 22.17 27.44 36.92 58.05 128.40 130.50 135.26 111.67 88.20 74.03 64.84 58.65 54.48
41.89 37.27 34.14 32.05 30.75 30.09 30.01 30.50 31.61 33.46 36.26 40.40 40.63 36.75 34.14
10 -14
60.07 78.13 52.10 39.64 32.48 27.96 24.95 22.92 21.57 20.73 20.33 20.31 20.68 21.48 22.79
46.54 45.10 45.32 47.28 51.75 62.13 49.84 33.83 25.98 21.41 18.50 16.56 15.25 14.38 13.86
104.69 93.24 50.20 42.26 38.51 36.70 36.21 36.91 38.99 43.20 52.58 44.90 30.98 24.00 19.89

20 0
28.42 22.60 19.69 18.01 17.03 16.56 16.53 16.91 17.78 19.31 21.92 26.89 43.35 33.57 27.82
13 14
7.01 7.37 7.95 8.86 10.33 12.97 20.29 27.25 23.01 20.24 18.38 17.12 16.31 15.86 15.72
15 0
3.58 3.93 4.48 5.35 6.91 10.84 15.37 12.25 10.34 9.10 8.26 7.69 7.33 7.13 7.06
10 -2
2.92 3.27 3.82 4.72 6.49 7.05 4.58 3.44 2.79 2.39 2.12 1.94 1.82 1.75 1.71



















